29,31c29,31
<          1     8     0         30  5.000e-02  4.000e-01  0.000e+00    -1.530057513847083e-03 
<          1     9     0         31  5.000e-02  4.500e-01  0.000e+00    -1.222527616738995e-02 
<          1    10     0         32  5.000e-02  5.000e-01  0.000e+00    -1.359369347282657e-02 
---
>          1     8     0         30  5.000e-02  4.000e-01  0.000e+00    -3.329811072162795e-03 
>          1     9     0         31  5.000e-02  4.500e-01  0.000e+00    -2.290572285586446e-02 
>          1    10     0         32  5.000e-02  5.000e-01  0.000e+00    -1.530506952162077e-02 
49,51c49,51
<          2     8     0         52  1.000e-01  4.000e-01  0.000e+00     0.000000000000000e+00 
<          2     9     0         53  1.000e-01  4.500e-01  0.000e+00     0.000000000000000e+00 
<          2    10     0         54  1.000e-01  5.000e-01  0.000e+00     0.000000000000000e+00 
---
>          2     8     0         52  1.000e-01  4.000e-01  0.000e+00    -1.591546024628772e-03 
>          2     9     0         53  1.000e-01  4.500e-01  0.000e+00    -9.487272061128210e-03 
>          2    10     0         54  1.000e-01  5.000e-01  0.000e+00    -2.102786183654550e-03 
