29,31c29,31
<          1     8     0         30  5.000e-02  4.000e-01  0.000e+00    -1.025060290877782e-03 
<          1     9     0         31  5.000e-02  4.500e-01  0.000e+00    -6.870405097980217e-03 
<          1    10     0         32  5.000e-02  5.000e-01  0.000e+00    -6.165443492693739e-03 
---
>          1     8     0         30  5.000e-02  4.000e-01  0.000e+00    -2.066911441839223e-03 
>          1     9     0         31  5.000e-02  4.500e-01  0.000e+00    -1.287080332921341e-02 
>          1    10     0         32  5.000e-02  5.000e-01  0.000e+00    -7.068825891274965e-03 
49,51c49,51
<          2     8     0         52  1.000e-01  4.000e-01  0.000e+00     0.000000000000000e+00 
<          2     9     0         53  1.000e-01  4.500e-01  0.000e+00     0.000000000000000e+00 
<          2    10     0         54  1.000e-01  5.000e-01  0.000e+00     0.000000000000000e+00 
---
>          2     8     0         52  1.000e-01  4.000e-01  0.000e+00    -5.278587235865894e-04 
>          2     9     0         53  1.000e-01  4.500e-01  0.000e+00    -3.993597892541373e-03 
>          2    10     0         54  1.000e-01  5.000e-01  0.000e+00    -8.595409290874857e-04 
