  0   0   0     0.000000000000000e+00 
  1   8  30    -4.859868586009878e-03 
  1   9  31    -3.513099902325439e-02 
  1  10  32    -2.889876299444735e-02 
  0   0   0     0.000000000000000e+00 
  1   8  30    -4.859868586009878e-03 
  1   9  31    -3.513099902325439e-02 
  1  10  32    -2.889876299444735e-02 
  0   0   0     0.000000000000000e+00 
  2   8  52    -1.591546024628774e-03 
  2   9  53    -9.487272061128203e-03 
  2  10  54    -2.102786183654547e-03 
  0   0   0     0.000000000000000e+00 
  2   8  52    -1.591546024628774e-03 
  2   9  53    -9.487272061128203e-03 
  2  10  54    -2.102786183654547e-03 
  0   0   0     0.000000000000000e+00 
  1   8  30    -4.859868586009878e-03 
  1   9  31    -3.513099902325439e-02 
  1  10  32    -2.889876299444735e-02 
  0   0   0     0.000000000000000e+00 
  1   8  30    -4.859868586009878e-03 
  1   9  31    -3.513099902325439e-02 
  1  10  32    -2.889876299444735e-02 
  0   0   0     0.000000000000000e+00 
  2   8  52    -1.591546024628774e-03 
  2   9  53    -9.487272061128203e-03 
  2  10  54    -2.102786183654547e-03 
  0   0   0     0.000000000000000e+00 
  2   8  52    -1.591546024628774e-03 
  2   9  53    -9.487272061128203e-03 
  2  10  54    -2.102786183654547e-03 
