8.006753784602625e-14
8.006753784602625e-14
3.756637481960120e-13
3.756637481960120e-13
1.103076247275213e-07
1.103076247275213e-07
5.175952296709331e-07
5.175952296709331e-07
-2.004181212884906e-05
-2.004181212884906e-05
-2.485331588274082e-05
-2.485331588274082e-05
2.122400845302897e-14
2.122400845302897e-14
4.625348578456713e-13
4.625348578456713e-13
6.271807897851635e-07
6.271807897851635e-07
1.855795858099984e-05
1.855795858099984e-05
1.103674151402853e-14
1.103674151402853e-14
2.469178536701559e-13
2.469178536701559e-13
-1.942849275668452e-05
-1.942849275668452e-05
-2.699558589844455e-05
-2.699558589844455e-05
7.850707076327166e-07
7.850707076327166e-07
1.710457899048214e-05
1.710457899048214e-05
1.504975176282975e-13
1.504975176282975e-13
2.902291042359317e-13
2.902291042359317e-13
1.802534804825079e-07
1.802534804825079e-07
4.029935869893300e-06
4.029935869893300e-06
3.048473658418102e-06
3.048473658418102e-06
2.116908940001858e-07
2.116908940001858e-07
-9.379215366951894e-07
-9.379215366951894e-07
-3.533264877096152e-05
-3.533264877096152e-05
-2.967545643147849e-05
-2.967545643147849e-05
-7.321267523875584e-06
-7.321267523875584e-06
2.102729444664869e-13
2.102729444664869e-13
9.127126180499991e-14
9.127126180499991e-14
-1.044505485927013e-06
-1.044505485927013e-06
-3.261157881304562e-05
-3.261157881304562e-05
-2.618078596185359e-05
-2.618078596185359e-05
-1.719824895539362e-05
-1.719824895539362e-05
-2.026691821968013e-05
-2.026691821968013e-05
-2.260153932498807e-05
-2.260153932498807e-05
-1.262827120005803e-06
-1.262827120005803e-06
-2.435774935208804e-06
-2.435774935208804e-06
-1.299185111593747e-05
-1.299185111593747e-05
-2.948277144964042e-05
-2.948277144964042e-05
-9.258485039983111e-06
-9.258485039983111e-06
-3.455180790307805e-05
-3.455180790307805e-05
-1.401163788975920e-06
-1.401163788975920e-06
-6.083876046118523e-07
-6.083876046118523e-07
-3.311484934583902e-05
-3.311484934583902e-05
-9.211950300831563e-06
-9.211950300831563e-06
1.180773860816274e-13
1.180773860816274e-13
3.377954533960505e-13
3.377954533960505e-13
-2.484726822322731e-05
-2.484726822322731e-05
-1.534532702623076e-05
-1.534532702623076e-05
-2.694226867989834e-05
-2.694226867989834e-05
-1.361149394046334e-05
-1.361149394046334e-05
-2.169764857859219e-05
-2.169764857859219e-05
-1.025483641958445e-05
-1.025483641958445e-05
-3.312843982764289e-05
-3.312843982764289e-05
-2.968876314381000e-06
-2.968876314381000e-06
-2.127579593561349e-05
-2.127579593561349e-05
-1.910325714874854e-05
-1.910325714874854e-05
-8.844410388404410e-06
-8.844410388404410e-06
-2.930876984019341e-05
-2.930876984019341e-05
-8.327700395736081e-07
-8.327700395736081e-07
-3.504819121009717e-05
-3.504819121009717e-05
-8.262760399778839e-07
-8.262760399778839e-07
-7.318263505249047e-07
-7.318263505249047e-07
-1.133404102888947e-06
-1.133404102888947e-06
-4.285743133256867e-05
-4.285743133256867e-05
4.817327814974651e-13
4.817327814974651e-13
1.306725278113232e-14
1.306725278113232e-14
-1.183439538285497e-05
-1.183439538285497e-05
-3.481785645066658e-05
-3.481785645066658e-05
-2.718618880811785e-06
-1.706086665125078e-05
-2.718618880811785e-06
-1.158627768173525e-06
-1.706086665125078e-05
-3.576899566803333e-05
-1.158627768173525e-06
-3.576899566803333e-05
8.359814464260342e-14
8.359814464260342e-14
2.412139076121604e-13
2.412139076121604e-13
-1.474313047681094e-05
-1.474313047681094e-05
-2.009567626005619e-05
-2.009567626005619e-05
-2.974033040338222e-05
-2.974033040338222e-05
-1.123337735094209e-05
-1.123337735094209e-05
-9.477185185411450e-07
-9.477185185411450e-07
-2.699239576816573e-07
-2.699239576816573e-07
4.447067096522998e-06
4.447067096522998e-06
1.272093599981065e-05
1.272093599981065e-05
-3.401406066504862e-05
-3.401406066504862e-05
-3.783478647697067e-06
-3.783478647697067e-06
-3.115441854888881e-05
-3.115441854888881e-05
-7.566470513278556e-06
-7.566470513278556e-06
-1.688941130013334e-05
-1.688941130013334e-05
-2.919891424047471e-05
-2.919891424047471e-05
-3.764911656425962e-06
-3.764911656425962e-06
-3.155506483623332e-05
-3.155506483623332e-05
-3.490488945082410e-05
-3.490488945082410e-05
-1.026313613580346e-05
-1.026313613580346e-05
-5.802001354758404e-07
-5.802001354758404e-07
-1.822465764279183e-06
-1.822465764279183e-06
-4.150187332907718e-06
-4.150187332907718e-06
-3.252967110568182e-05
-3.252967110568182e-05
-3.867647776241370e-05
-3.867647776241370e-05
-1.479668567382372e-06
-1.479668567382372e-06
-2.439865444530631e-06
-2.439865444530631e-06
-6.614199088904599e-08
-6.614199088904599e-08
-8.742938290524360e-06
-8.742938290524360e-06
-3.539981551039087e-05
-3.539981551039087e-05
-3.542446949391313e-05
-3.542446949391313e-05
-4.753077674758049e-07
-4.753077674758049e-07
-3.774767740975121e-06
-3.774767740975121e-06
-4.117791489571094e-06
-4.117791489571094e-06
-3.678190213954306e-05
-3.678190213954306e-05
-5.326182084167315e-06
-5.326182084167315e-06
-1.318011653386891e-05
-1.318011653386891e-05
-2.881498568049329e-05
-2.881498568049329e-05
-7.163259679320598e-06
-7.163259679320598e-06
-3.041205518069049e-05
-3.041205518069049e-05
-2.797708009143834e-05
-2.797708009143834e-05
-9.982477659318695e-06
-9.982477659318695e-06
9.400619739797643e-07
9.400619739797643e-07
2.712367533323046e-06
2.712367533323046e-06
-8.537053933283010e-06
-8.537053933283010e-06
-2.863514954054565e-05
-2.863514954054565e-05
6.950453323592919e-08
6.950453323592919e-08
3.329145168276184e-08
3.329145168276184e-08
-1.359557166801067e-05
-1.359557166801067e-05
-3.140802940854658e-05
-3.140802940854658e-05
-3.839565127099191e-07
-3.839565127099191e-07
-5.335743428300275e-05
-5.335743428300275e-05
7.365104216936961e-06
7.365104216936961e-06
4.005883052549167e-06
4.005883052549167e-06
-3.130024807495038e-05
-3.130024807495038e-05
-8.556750576222318e-06
-8.556750576222318e-06
-3.174994692043998e-05
-3.174994692043998e-05
-1.721221181861279e-05
-1.721221181861279e-05
-7.721844192385594e-06
-7.721844192385594e-06
-2.233429345237580e-05
-2.233429345237580e-05
-2.969368220691615e-05
-2.969368220691615e-05
-7.693673234807316e-06
-7.693673234807316e-06
1.084905662647015e-05
1.084905662647015e-05
1.350661979257237e-05
1.350661979257237e-05
-5.737418620181698e-07
-5.737418620181698e-07
-4.264718057261637e-05
-4.264718057261637e-05
-3.470369774772118e-05
-3.470369774772118e-05
-1.115893065205894e-05
-1.115893065205894e-05
-3.508050405732670e-05
-3.508050405732670e-05
-6.570084901703474e-06
-6.570084901703474e-06
2.208551330368852e-13
2.208551330368852e-13
9.877252463757423e-14
9.877252463757423e-14
-3.413956442074293e-05
-3.413956442074293e-05
-1.055881214358883e-05
-1.055881214358883e-05
-5.431259022774726e-06
-5.431259022774726e-06
-3.097177387343755e-05
-3.097177387343755e-05
-3.362624986534842e-05
-3.362624986534842e-05
-4.627388527114685e-06
-4.627388527114685e-06
-9.162220276284183e-06
-9.162220276284183e-06
-2.173808609742870e-05
-2.173808609742870e-05
-3.240806212889564e-05
-3.240806212889564e-05
-1.855501203158284e-06
-1.855501203158284e-06
-1.192272687526470e-05
-1.192272687526470e-05
-2.397924452080096e-05
-2.397924452080096e-05
-3.043899429878392e-05
-3.043899429878392e-05
-2.023867771683806e-05
-2.023867771683806e-05
-1.434590005493380e-05
-1.434590005493380e-05
-2.837191344975354e-05
-2.837191344975354e-05
-3.085526870914939e-05
-3.085526870914939e-05
-1.561438502757400e-06
-1.561438502757400e-06
-1.230583806229469e-05
-1.230583806229469e-05
-2.450985126769054e-05
-2.450985126769054e-05
-1.171138036728040e-05
-1.171138036728040e-05
-2.861205762572025e-05
-2.861205762572025e-05
-6.103608727805688e-07
-6.103608727805688e-07
-3.737716016884985e-05
-3.737716016884985e-05
6.532895689387786e-07
6.532895689387786e-07
6.015082875669231e-07
6.015082875669231e-07
-9.443618007030380e-06
-9.443618007030380e-06
-2.185344305505306e-05
-2.185344305505306e-05
-3.512250358464760e-05
-3.512250358464760e-05
-1.853502134262141e-06
-1.853502134262141e-06
-3.056473589541749e-05
-3.056473589541749e-05
-2.417923518565453e-06
-2.417923518565453e-06
-2.289831204162003e-05
-2.289831204162003e-05
-2.200230826586223e-05
-2.200230826586223e-05
-3.428875679765243e-06
-3.428875679765243e-06
-4.019936306969600e-05
-4.019936306969600e-05
-3.151873969967623e-05
-3.151873969967623e-05
-1.014564050569194e-05
-1.014564050569194e-05
-3.405940178935691e-05
-3.405940178935691e-05
-8.390689806071678e-06
-8.390689806071678e-06
-5.376983011833731e-06
-5.376983011833731e-06
-4.033714334431490e-05
-4.033714334431490e-05
-3.025098577724182e-05
-3.025098577724182e-05
-3.882829449440258e-06
-3.882829449440258e-06
-3.053323232599364e-06
-3.053323232599364e-06
-2.971383914107785e-05
-2.971383914107785e-05
1.235062064060081e-13
1.235062064060081e-13
1.714646121979598e-13
1.714646121979598e-13
-1.021923299231178e-05
-1.021923299231178e-05
-2.882907926779752e-05
-2.882907926779752e-05
-3.165696274562664e-05
-3.165696274562664e-05
-1.127375205735341e-05
-1.127375205735341e-05
3.438844330491222e-13
3.438844330491222e-13
5.239441002423886e-14
5.239441002423886e-14
-1.431023151559782e-05
-1.431023151559782e-05
-2.584319604635163e-05
-2.584319604635163e-05
-3.444250047508980e-05
-3.444250047508980e-05
-8.669894447569023e-06
-8.669894447569023e-06
-7.651192367377241e-06
-7.651192367377241e-06
-3.139393273169281e-05
-3.139393273169281e-05
1.214910655594734e-13
1.214910655594734e-13
1.269960377300896e-13
1.269960377300896e-13
-2.097498950701447e-05
-2.097498950701447e-05
-1.969391457933711e-05
-1.969391457933711e-05
4.848056756405440e-06
4.848056756405440e-06
1.901120484998670e-05
1.901120484998670e-05
1.000765069562693e-13
1.000765069562693e-13
8.928660157074940e-14
8.928660157074940e-14
-1.327754561695129e-05
-1.327754561695129e-05
-3.510874662000470e-05
-3.510874662000470e-05
4.391353988561779e-14
4.391353988561779e-14
4.617861089372371e-13
4.617861089372371e-13
3.543955741696457e-13
3.543955741696457e-13
1.590821346382901e-14
1.590821346382901e-14
-1.349540890373566e-05
-1.349540890373566e-05
-2.336099545415218e-05
-2.336099545415218e-05
-2.299067268160478e-06
-2.299067268160478e-06
-3.993394477698273e-05
-3.993394477698273e-05
1.435924253607453e-13
1.435924253607453e-13
1.807595782281894e-13
1.807595782281894e-13
-1.576430846850586e-05
-1.576430846850586e-05
-2.859229144547609e-05
-2.859229144547609e-05
-1.879196651116704e-05
-1.879196651116704e-05
-2.516325678365192e-05
-2.516325678365192e-05
-2.490891278843991e-07
-2.490891278843991e-07
-3.764266398096065e-05
-3.764266398096065e-05
-5.742323161013408e-06
-5.742323161013408e-06
-2.994647150762065e-05
-2.994647150762065e-05
-2.674486240914258e-05
-2.674486240914258e-05
-9.842824071455212e-06
-9.842824071455212e-06
-4.091845219917300e-06
-4.091845219917300e-06
-3.378726423985351e-05
-3.378726423985351e-05
-1.927707418677156e-05
-1.927707418677156e-05
-1.116866366804991e-05
-1.116866366804991e-05
-4.923942942345632e-05
-4.923942942345632e-05
-1.406277730324212e-06
-1.406277730324212e-06
-3.526287931631560e-05
-3.526287931631560e-05
-3.907272479067788e-06
-3.907272479067788e-06
-2.570329797437518e-05
-2.570329797437518e-05
-1.201503605087720e-05
-1.201503605087720e-05
-1.969273695340157e-05
-1.969273695340157e-05
-1.639116499077535e-05
-1.639116499077535e-05
-2.490000486991751e-05
-2.490000486991751e-05
-1.953429943466278e-05
-1.953429943466278e-05
-1.726818877440377e-05
-1.726818877440377e-05
-1.843907023090243e-05
-1.843907023090243e-05
-3.360180912641916e-05
-3.360180912641916e-05
-9.977594825300933e-07
-9.977594825300933e-07
-4.586678688271015e-07
-4.586678688271015e-07
-4.360746849365452e-05
-4.360746849365452e-05
2.223351168029479e-06
2.223351168029479e-06
9.942836200951674e-07
9.942836200951674e-07
-1.131875310773007e-05
-1.131875310773007e-05
-3.258404834566716e-05
-3.258404834566716e-05
-3.488596999047709e-05
-3.488596999047709e-05
-4.268206609383727e-06
-4.268206609383727e-06
1.115265171618463e-05
1.115265171618463e-05
5.546647648246410e-06
5.546647648246410e-06
-1.222107412004253e-05
-1.222107412004253e-05
-2.453968747767110e-05
-2.453968747767110e-05
-1.677586152525103e-05
-1.677586152525103e-05
-2.403815131211638e-05
-2.403815131211638e-05
1.121437784631935e-13
1.121437784631935e-13
1.513844832493044e-13
1.513844832493044e-13
-2.809713559744360e-05
-2.809713559744360e-05
-2.379689806261195e-05
-2.379689806261195e-05
-1.225719939135999e-05
-1.225719939135999e-05
-2.529713273396384e-05
-2.529713273396384e-05
-2.637134037833908e-05
-2.637134037833908e-05
-1.636561970683669e-05
-1.636561970683669e-05
-2.596951338699481e-07
-2.596951338699481e-07
-4.005851150073700e-05
-4.005851150073700e-05
-1.266038116495133e-05
-1.266038116495133e-05
-2.541499871801603e-05
-2.541499871801603e-05
-8.370602115540854e-06
-8.370602115540854e-06
-4.313801896302596e-05
-4.313801896302596e-05
1.920355836121981e-13
1.920355836121981e-13
3.427739516164800e-14
3.427739516164800e-14
-3.417408956251873e-05
-3.417408956251873e-05
-8.905145320076624e-06
-8.905145320076624e-06
9.403655399371254e-15
9.403655399371254e-15
3.593076560831568e-13
3.593076560831568e-13
1.159264322497730e-13
1.159264322497730e-13
2.522540538491061e-13
2.522540538491061e-13
-9.301483943242615e-07
-9.301483943242615e-07
-3.060915683114274e-05
-3.060915683114274e-05
-3.635244652286486e-05
-3.635244652286486e-05
-5.290072297374758e-06
-5.290072297374758e-06
-2.759280624939662e-05
-2.759280624939662e-05
-7.651829224214860e-06
-7.651829224214860e-06
-9.690150759905284e-06
-9.690150759905284e-06
-3.127014838542644e-05
-3.127014838542644e-05
-3.114630466342986e-05
-3.114630466342986e-05
-1.342471204233106e-05
-1.342471204233106e-05
9.810139190116092e-15
9.810139190116092e-15
3.007934869623120e-13
3.007934869623120e-13
-1.851576745113378e-05
-1.851576745113378e-05
-2.138852098205777e-05
-2.138852098205777e-05
-3.191481406108052e-05
-3.191481406108052e-05
-8.513613101617045e-06
-8.513613101617045e-06
3.347096272032423e-06
3.347096272032423e-06
1.420815672677594e-05
1.420815672677594e-05
-3.378099751949852e-05
-3.378099751949852e-05
-5.340261832326170e-06
-5.340261832326170e-06
-3.753769728480652e-06
-3.753769728480652e-06
-2.994231228929221e-05
-2.994231228929221e-05
2.200296293819885e-13
2.200296293819885e-13
1.296781333659088e-13
1.296781333659088e-13
-6.575657924590251e-06
-6.575657924590251e-06
-3.053481366682490e-05
-3.053481366682490e-05
-3.208484386987421e-05
-3.208484386987421e-05
-6.215873910131505e-06
-6.215873910131505e-06
-5.212979266682585e-06
-5.212979266682585e-06
-2.188497176841567e-06
-2.188497176841567e-06
-3.330263968214063e-05
-3.330263968214063e-05
-1.314438779249129e-05
-1.314438779249129e-05
-2.988112052062766e-05
-2.988112052062766e-05
-7.427667874515046e-06
-7.427667874515046e-06
-3.742555049889326e-05
-3.742555049889326e-05
-5.495549221650860e-06
-5.495549221650860e-06
2.050896989093555e-05
4.650231582512849e-14
2.050896989093555e-05
2.644636399150007e-06
4.650231582512849e-14
2.769826729705130e-13
2.644636399150007e-06
2.769826729705130e-13
2.187692013015673e-13
2.187692013015673e-13
9.406389146218625e-14
9.406389146218625e-14
-4.889697151750134e-06
-4.889697151750134e-06
-1.892332912739275e-06
-1.892332912739275e-06
-1.035772408028603e-05
-1.035772408028603e-05
-2.175223352670469e-05
-2.175223352670469e-05
7.405418770778524e-06
7.405418770778524e-06
1.028039611702100e-05
1.028039611702100e-05
-2.027705835907717e-05
-2.027705835907717e-05
-1.547039090517263e-05
-1.547039090517263e-05
-2.620333707468178e-05
-2.620333707468178e-05
-1.932824998471033e-05
-1.932824998471033e-05
-1.227736140804151e-05
-1.227736140804151e-05
-2.122761139569033e-05
-2.122761139569033e-05
1.628998681820993e-13
1.628998681820993e-13
1.071133103006427e-13
1.071133103006427e-13
-1.804280214854427e-06
-1.804280214854427e-06
-2.749121682362502e-07
-2.749121682362502e-07
-6.070636086892344e-06
-6.070636086892344e-06
-3.292813412205999e-05
-3.292813412205999e-05
-2.426806092672659e-05
-2.426806092672659e-05
-1.970829871691163e-05
-1.970829871691163e-05
1.963810291889841e-13
1.963810291889841e-13
3.148392036238195e-13
3.148392036238195e-13
-8.864610853140782e-06
-8.864610853140782e-06
-2.467155720486490e-05
-2.467155720486490e-05
-1.868380861102878e-05
-1.868380861102878e-05
-1.085990370226839e-05
-1.085990370226839e-05
3.013087588352476e-13
3.013087588352476e-13
3.477448573232784e-14
3.477448573232784e-14
-2.140238772921619e-05
-2.140238772921619e-05
-1.465813314933756e-05
-1.465813314933756e-05
-1.302211882276307e-06
-1.302211882276307e-06
-3.761886245761081e-05
-3.761886245761081e-05
-1.555496787214864e-05
-1.555496787214864e-05
-2.454828583848964e-05
-2.454828583848964e-05
1.822113334280113e-13
1.822113334280113e-13
9.077446720316457e-14
9.077446720316457e-14
-3.123668292292533e-05
-3.123668292292533e-05
-1.250945201056967e-05
-1.250945201056967e-05
4.985013942775083e-06
4.985013942775083e-06
5.211316846402292e-06
5.211316846402292e-06
-1.122540686647214e-05
-1.122540686647214e-05
-3.027577953303970e-05
-3.027577953303970e-05
1.196726960136784e-13
1.196726960136784e-13
3.640861702850218e-13
3.640861702850218e-13
-3.597004273345911e-05
-3.597004273345911e-05
-1.070310617482228e-05
-1.070310617482228e-05
-9.871455988431531e-06
-9.871455988431531e-06
-2.511195721712528e-05
-2.511195721712528e-05
-8.213809478064974e-06
-8.213809478064974e-06
-2.335513345237835e-05
-2.335513345237835e-05
-3.830425370387819e-05
-3.830425370387819e-05
-6.494952985750648e-06
-6.494952985750648e-06
-1.753583818751929e-05
-1.753583818751929e-05
-2.489501507285720e-05
-2.489501507285720e-05
2.099117684542251e-06
2.099117684542251e-06
1.872859486853815e-06
1.872859486853815e-06
-2.638497775193204e-06
-2.638497775193204e-06
-3.526997251559787e-05
-3.526997251559787e-05
1.426411316975676e-06
1.426411316975676e-06
1.500477255997002e-05
1.500477255997002e-05
-4.535413979936681e-05
-4.535413979936681e-05
-8.300437137295729e-06
-8.300437137295729e-06
-1.329163235450864e-05
-1.329163235450864e-05
-2.372476858423761e-06
-2.372476858423761e-06
1.092526445990465e-13
1.092526445990465e-13
9.030231129403109e-14
9.030231129403109e-14
-6.831287053452872e-06
-6.831287053452872e-06
-2.251256431213530e-05
-2.251256431213530e-05
-1.129712463196138e-05
-1.129712463196138e-05
-5.074008909457356e-07
-5.074008909457356e-07
-1.940658682788587e-05
-1.940658682788587e-05
-1.609053169441440e-05
-1.609053169441440e-05
-8.356059324461363e-06
-8.356059324461363e-06
-2.530684429234321e-05
-2.530684429234321e-05
-4.196266484839092e-05
-4.196266484839092e-05
-1.144208228007369e-05
-1.144208228007369e-05
1.321085828720330e-13
1.321085828720330e-13
6.129322211558108e-14
6.129322211558108e-14
2.859676465846400e-06
2.859676465846400e-06
3.600009444964714e-06
3.600009444964714e-06
-4.718377636303542e-06
-4.718377636303542e-06
-2.796128043360931e-05
-2.796128043360931e-05
-3.400949515496521e-05
-3.400949515496521e-05
-2.002722827660675e-05
-2.002722827660675e-05
-2.143278243719947e-05
-2.143278243719947e-05
-2.263258714486660e-05
-2.263258714486660e-05
-1.229295744926202e-05
-1.229295744926202e-05
-2.685505432581330e-05
-2.685505432581330e-05
2.063806136307010e-13
2.063806136307010e-13
6.610974997573587e-14
6.610974997573587e-14
-2.143037339450392e-05
-2.143037339450392e-05
-2.891180322818383e-05
-2.891180322818383e-05
-1.914454793621630e-05
-1.914454793621630e-05
-1.702901949548683e-05
-1.702901949548683e-05
-2.948252357063670e-05
-2.948252357063670e-05
-4.510712563245403e-06
-4.510712563245403e-06
-3.534225034419312e-05
-3.534225034419312e-05
-1.363242806380634e-05
-1.363242806380634e-05
2.362071094532261e-06
2.362071094532261e-06
1.316698479365417e-06
1.316698479365417e-06
-2.564687531357789e-05
-2.564687531357789e-05
-1.227393501621459e-05
-1.227393501621459e-05
-1.680696263131266e-05
-1.680696263131266e-05
-1.828962171241535e-05
-1.828962171241535e-05
-1.046102024103093e-05
-1.046102024103093e-05
-3.287533444062489e-05
-3.287533444062489e-05
-2.775800611041741e-05
-2.775800611041741e-05
-7.914481958743164e-06
-7.914481958743164e-06
-2.765323579204216e-05
-2.765323579204216e-05
-1.171289971885449e-05
-1.171289971885449e-05
-2.405481800202290e-05
-2.405481800202290e-05
-1.044098173965659e-05
-1.044098173965659e-05
-3.265115457364463e-05
-3.265115457364463e-05
-2.251787488407889e-06
-2.251787488407889e-06
-7.514177951598327e-06
-7.514177951598327e-06
-3.537512078191057e-05
-3.537512078191057e-05
-2.964057681709842e-05
-2.964057681709842e-05
-2.756771316490023e-07
-2.756771316490023e-07
4.016380071370046e-08
4.016380071370046e-08
1.259352310068522e-07
1.259352310068522e-07
2.162486941784010e-06
2.162486941784010e-06
2.609720278172138e-06
2.609720278172138e-06
9.214263758902861e-14
9.214263758902861e-14
2.089238258371742e-13
2.089238258371742e-13
1.937934366626178e-13
1.937934366626178e-13
5.408432332196493e-14
5.408432332196493e-14
3.358581633877670e-13
3.358581633877670e-13
5.716495066588076e-14
5.716495066588076e-14
7.393324005276871e-14
7.393324005276871e-14
2.101998936350341e-13
2.101998936350341e-13
1.637936653299796e-06
1.637936653299796e-06
2.210955664441475e-06
2.210955664441475e-06
1.063899085105890e-13
1.063899085105890e-13
2.866332055430588e-13
2.866332055430588e-13
-2.295091739933784e-06
-2.295091739933784e-06
-2.799686516252033e-06
-2.799686516252033e-06
9.334766863769230e-14
9.334766863769230e-14
3.701690563645298e-13
3.701690563645298e-13
2.855377249424662e-15
2.855377249424662e-15
3.996872053509935e-13
3.996872053509935e-13
2.087449099427207e-13
2.087449099427207e-13
3.309275634336640e-13
3.309275634336640e-13
9.022430088534156e-14
9.022430088534156e-14
2.575017137635998e-13
2.575017137635998e-13
8.815255998580632e-06
8.815255998580632e-06
7.579410696135599e-06
7.579410696135599e-06
-4.592522965102985e-06
-4.592522965102985e-06
-8.196583623589518e-07
-8.196583623589518e-07
1.687367440683649e-14
1.687367440683649e-14
4.844378179111875e-13
4.844378179111875e-13
2.669989247890793e-07
2.669989247890793e-07
1.020483676124666e-05
1.020483676124666e-05
1.414577134019673e-13
1.414577134019673e-13
9.720137908657948e-14
9.720137908657948e-14
4.015796941703150e-13
4.015796941703150e-13
3.581626989437688e-15
3.581626989437688e-15
1.580097309779822e-05
1.580097309779822e-05
3.896999585211379e-06
3.896999585211379e-06
-1.201499385566835e-06
-1.201499385566835e-06
-2.614586021965142e-06
-2.614586021965142e-06
1.222223053917791e-06
1.222223053917791e-06
3.747204617505523e-05
3.747204617505523e-05
-3.542213472933018e-08
-3.542213472933018e-08
-3.746890438669128e-08
-3.746890438669128e-08
1.056541416349986e-13
1.056541416349986e-13
8.563763245261109e-14
8.563763245261109e-14
1.071913805790883e-06
1.071913805790883e-06
6.317441622073792e-07
6.317441622073792e-07
5.220515012962337e-14
5.220515012962337e-14
2.837896235406773e-13
2.837896235406773e-13
1.913216024219142e-07
1.913216024219142e-07
8.854544414711151e-06
8.854544414711151e-06
9.436108845706444e-14
9.436108845706444e-14
2.839758566489637e-13
2.839758566489637e-13
-1.696791114718218e-06
-1.696791114718218e-06
-1.010719740292226e-05
-1.010719740292226e-05
1.461036437536510e-13
1.461036437536510e-13
1.077724430661643e-13
1.077724430661643e-13
1.017046977747616e-13
1.017046977747616e-13
7.749310465538058e-14
7.749310465538058e-14
1.197410134301565e-06
1.197410134301565e-06
5.148336599480480e-07
5.148336599480480e-07
1.792364372686305e-13
1.792364372686305e-13
9.870373360993510e-14
9.870373360993510e-14
4.719854245483189e-13
4.719854245483189e-13
1.071179098308358e-14
1.071179098308358e-14
1.520040694815162e-05
1.520040694815162e-05
9.996774578032466e-06
9.996774578032466e-06
2.043617463843624e-13
2.043617463843624e-13
1.268732930125530e-13
1.268732930125530e-13
3.357802021258455e-13
3.357802021258455e-13
8.449194828844593e-14
8.449194828844593e-14
3.700322584365207e-07
3.700322584365207e-07
5.932325871252856e-07
5.932325871252856e-07
1.642105251009696e-05
1.642105251009696e-05
1.895886641941286e-06
1.895886641941286e-06
-2.285565018690297e-06
-2.285565018690297e-06
-1.138425948922153e-06
-1.138425948922153e-06
-5.607453581998151e-06
-5.607453581998151e-06
-1.535462234294356e-06
-1.535462234294356e-06
-7.377540693237149e-07
-7.377540693237149e-07
-2.244815895187968e-06
-2.244815895187968e-06
1.293022008033367e-13
1.293022008033367e-13
6.108717013206987e-14
6.108717013206987e-14
2.694441503628011e-06
2.694441503628011e-06
8.912521576762541e-06
8.912521576762541e-06
-1.227424419553743e-06
-1.227424419553743e-06
-1.014432495277066e-06
-1.014432495277066e-06
8.939971931431593e-07
8.939971931431593e-07
1.780860813717966e-06
1.780860813717966e-06
2.199666094951650e-13
2.199666094951650e-13
6.296331998970030e-14
6.296331998970030e-14
1.966034183139656e-13
1.966034183139656e-13
2.882263971470042e-14
2.882263971470042e-14
1.394232901021324e-06
1.394232901021324e-06
6.468482272229251e-07
6.468482272229251e-07
3.091233881634547e-13
3.091233881634547e-13
2.816306060705830e-14
2.816306060705830e-14
1.058192696218346e-05
1.058192696218346e-05
1.176372266365577e-05
1.176372266365577e-05
1.452498222066542e-06
1.452498222066542e-06
4.653693051368955e-07
4.653693051368955e-07
1.051873630578941e-13
1.051873630578941e-13
1.024361386666468e-13
1.024361386666468e-13
-7.289552089516226e-08
-7.289552089516226e-08
-2.423634797806427e-07
-2.423634797806427e-07
3.358124017778901e-08
3.358124017778901e-08
1.250544344152306e-06
1.250544344152306e-06
5.220646015330468e-06
5.220646015330468e-06
9.583526556235385e-07
9.583526556235385e-07
2.569960468983029e-13
2.569960468983029e-13
5.059956874678138e-14
5.059956874678138e-14
-2.680116373782431e-06
-2.680116373782431e-06
-2.191626575162869e-07
-2.191626575162869e-07
-2.139672668694829e-07
-2.139672668694829e-07
-2.346579583617695e-06
-2.346579583617695e-06
1.288651595668708e-13
1.288651595668708e-13
1.947083001260455e-13
1.947083001260455e-13
2.150510843551913e-13
2.150510843551913e-13
1.157592947348050e-13
1.157592947348050e-13
2.180409067990995e-13
2.180409067990995e-13
3.458774036914093e-14
3.458774036914093e-14
1.012101221810659e-14
1.012101221810659e-14
4.522632852989979e-13
4.522632852989979e-13
2.325845870517913e-13
2.325845870517913e-13
5.179626514838100e-14
5.179626514838100e-14
3.811369066977577e-07
3.811369066977577e-07
5.084266819949479e-06
5.084266819949479e-06
2.273414645969994e-06
2.273414645969994e-06
5.154073583725348e-06
5.154073583725348e-06
-5.187959240481939e-06
-5.187959240481939e-06
-1.448156670452527e-06
-1.448156670452527e-06
1.668886342978478e-13
1.668886342978478e-13
7.246053118944254e-14
7.246053118944254e-14
1.100148698219593e-14
1.100148698219593e-14
4.048471185683547e-13
4.048471185683547e-13
7.575785597469692e-14
7.575785597469692e-14
2.454976662096192e-13
2.454976662096192e-13
2.572672341074477e-07
2.572672341074477e-07
3.633864405275933e-07
3.633864405275933e-07
-2.330340108794847e-06
-2.330340108794847e-06
-3.967714208943939e-07
-3.967714208943939e-07
3.195799530046249e-06
3.195799530046249e-06
1.073083418995736e-06
1.073083418995736e-06
5.342553159796207e-14
5.342553159796207e-14
3.564778296557208e-13
3.564778296557208e-13
1.201493321267523e-13
1.201493321267523e-13
1.040005332087244e-13
1.040005332087244e-13
6.316377329366077e-14
6.316377329366077e-14
1.929462036823437e-13
1.929462036823437e-13
8.265271657729787e-08
8.265271657729787e-08
3.351077087729465e-07
3.351077087729465e-07
7.447271398942913e-07
7.447271398942913e-07
2.117591510875719e-06
2.117591510875719e-06
2.313607400474671e-13
2.313607400474671e-13
6.402589177369242e-14
6.402589177369242e-14
2.033789284386136e-08
2.033789284386136e-08
2.335810498313660e-08
2.335810498313660e-08
-8.272359590666800e-08
-8.272359590666800e-08
-2.108369866721210e-07
-2.108369866721210e-07
1.891824252487855e-13
1.891824252487855e-13
2.574894409123114e-13
2.574894409123114e-13
2.226320274638348e-13
2.226320274638348e-13
3.106705413087631e-13
3.106705413087631e-13
1.466091196100573e-07
1.466091196100573e-07
4.362650909806691e-08
4.362650909806691e-08
3.198109654302545e-13
3.198109654302545e-13
4.674165615876802e-14
4.674165615876802e-14
1.173588572928081e-14
1.173588572928081e-14
3.990167961382403e-13
3.990167961382403e-13
1.245605116163128e-06
1.245605116163128e-06
3.355852642220065e-06
3.355852642220065e-06
7.696448564470150e-14
7.696448564470150e-14
2.265968570846512e-13
2.265968570846512e-13
1.471959978592923e-13
1.471959978592923e-13
3.087476183362056e-13
3.087476183362056e-13
-4.532236404856508e-07
-4.532236404856508e-07
-1.797103131279026e-06
-1.797103131279026e-06
-1.744415379196447e-06
-1.744415379196447e-06
-8.098059269605379e-09
-8.098059269605379e-09
-1.865915072441885e-06
-1.865915072441885e-06
-3.926532915209553e-06
-3.926532915209553e-06
-1.654646204063167e-06
-1.654646204063167e-06
-6.626649984120254e-07
-6.626649984120254e-07
3.829261354721889e-08
3.829261354721889e-08
4.839475148209541e-08
4.839475148209541e-08
4.704345730138478e-09
4.704345730138478e-09
6.581644188876305e-07
6.581644188876305e-07
-1.268488916720949e-06
-1.268488916720949e-06
-4.757836111164855e-06
-4.757836111164855e-06
5.081232525147779e-14
5.081232525147779e-14
2.610298934627978e-13
2.610298934627978e-13
2.529091774727770e-06
2.529091774727770e-06
4.010256392857121e-06
4.010256392857121e-06
1.142729683344724e-06
1.142729683344724e-06
3.261380821759862e-06
3.261380821759862e-06
1.030578220992541e-13
1.030578220992541e-13
2.078112167449985e-13
2.078112167449985e-13
-3.588749365757937e-07
-3.588749365757937e-07
-1.028231386406473e-05
-1.028231386406473e-05
1.247880441430766e-06
1.247880441430766e-06
8.574343229318877e-07
8.574343229318877e-07
3.476261649325879e-14
3.476261649325879e-14
2.581291360247510e-13
2.581291360247510e-13
-1.998239444818126e-06
-1.998239444818126e-06
-1.777411360066808e-08
-1.777411360066808e-08
-4.255569656530566e-06
-4.255569656530566e-06
-2.477874610767818e-06
-2.477874610767818e-06
4.259780210502284e-07
4.259780210502284e-07
1.185905443742734e-06
1.185905443742734e-06
-1.212498529855980e-06
-1.212498529855980e-06
-9.419894783168262e-07
-9.419894783168262e-07
1.092237249057140e-13
1.092237249057140e-13
3.378020248444822e-13
3.378020248444822e-13
3.764086775355268e-06
3.764086775355268e-06
1.055271316863461e-06
1.055271316863461e-06
1.044270292592690e-13
1.044270292592690e-13
8.904112890130117e-14
8.904112890130117e-14
-1.606650580643317e-06
-1.606650580643317e-06
-1.302212107214715e-06
-1.302212107214715e-06
1.431767486999828e-13
1.431767486999828e-13
2.048677611791480e-13
2.048677611791480e-13
3.843314989487635e-13
3.843314989487635e-13
1.729098631999650e-14
1.729098631999650e-14
6.963924660991945e-14
6.963924660991945e-14
4.482339976779503e-13
4.482339976779503e-13
2.489862029088494e-13
2.489862029088494e-13
2.816976273044139e-13
2.816976273044139e-13
5.099877471728199e-14
5.099877471728199e-14
2.651431296045497e-13
2.651431296045497e-13
-4.438044314989479e-06
-4.438044314989479e-06
-2.836702518112827e-07
-2.836702518112827e-07
3.242027959097702e-13
3.242027959097702e-13
8.616061400974180e-14
8.616061400974180e-14
1.093420160695132e-13
1.093420160695132e-13
3.147874654659603e-13
3.147874654659603e-13
2.339667122972478e-07
2.339667122972478e-07
1.271882729319360e-06
1.271882729319360e-06
3.452348610627366e-15
3.452348610627366e-15
3.260663553791567e-13
3.260663553791567e-13
-1.549954815264340e-06
-1.549954815264340e-06
-4.663799874950200e-06
-4.663799874950200e-06
4.937210414591340e-13
4.937210414591340e-13
1.488045279433490e-14
1.488045279433490e-14
4.583587667871640e-13
4.583587667871640e-13
1.634067963059496e-14
1.634067963059496e-14
3.914731121307594e-07
3.914731121307594e-07
1.944137108218329e-06
1.944137108218329e-06
-3.745095814581482e-06
-3.745095814581482e-06
-6.453990540078719e-06
-6.453990540078719e-06
9.151237929198144e-07
9.151237929198144e-07
6.750712025540449e-07
6.750712025540449e-07
-3.798761676105432e-06
-3.798761676105432e-06
-2.894548021124559e-06
-2.894548021124559e-06
2.318404186416845e-13
2.318404186416845e-13
8.686714170111688e-14
8.686714170111688e-14
2.529779546947086e-13
2.529779546947086e-13
2.690003392267127e-13
2.690003392267127e-13
1.249850834652975e-13
1.249850834652975e-13
1.377734814409095e-13
1.377734814409095e-13
-1.107728579533591e-06
-1.107728579533591e-06
-4.197015923760864e-07
-4.197015923760864e-07
4.551820760684886e-13
4.551820760684886e-13
2.716125587381458e-14
2.716125587381458e-14
-2.680229159658739e-06
-2.680229159658739e-06
-1.475758506972511e-06
-1.475758506972511e-06
1.936015020702468e-06
1.936015020702468e-06
4.400932416258231e-08
4.400932416258231e-08
1.134546067684295e-13
1.134546067684295e-13
1.522146506581190e-13
1.522146506581190e-13
1.257873145570713e-13
1.257873145570713e-13
1.085190097855545e-13
1.085190097855545e-13
1.272243180662844e-07
1.272243180662844e-07
2.677756533392238e-07
2.677756533392238e-07
1.751469334187553e-14
1.751469334187553e-14
2.564619813387783e-13
2.564619813387783e-13
-5.025722118693663e-06
-5.025722118693663e-06
-3.120472573930013e-06
-3.120472573930013e-06
-3.714040761337500e-06
-3.714040761337500e-06
-1.875891112808345e-06
-1.875891112808345e-06
-4.108098352179554e-07
-4.108098352179554e-07
-1.033532990729127e-07
-1.033532990729127e-07
1.476978498120010e-13
1.476978498120010e-13
1.148837732996564e-13
1.148837732996564e-13
5.666402478225103e-14
5.666402478225103e-14
3.086146158860141e-13
3.086146158860141e-13
1.450268130242063e-13
1.450268130242063e-13
6.763952984499921e-14
6.763952984499921e-14
4.208597559327502e-13
4.208597559327502e-13
5.008852444055655e-14
5.008852444055655e-14
4.407299924895464e-14
4.407299924895464e-14
2.159296972071418e-13
2.159296972071418e-13
3.624794307643042e-13
3.624794307643042e-13
9.947658403766170e-15
9.947658403766170e-15
6.942319799209779e-14
6.942319799209779e-14
3.353488512196457e-13
3.353488512196457e-13
1.643374652734437e-13
1.643374652734437e-13
9.541308912541949e-14
9.541308912541949e-14
-8.023389655786188e-07
-8.023389655786188e-07
-2.044467818955451e-06
-2.044467818955451e-06
3.420335882836002e-13
3.420335882836002e-13
7.915865946234937e-14
7.915865946234937e-14
1.755858585886749e-13
1.755858585886749e-13
9.591363096828402e-14
9.591363096828402e-14
6.387362905744942e-07
6.387362905744942e-07
3.016795761411911e-07
3.016795761411911e-07
-8.096257532790741e-07
-8.096257532790741e-07
-2.999368543553197e-08
-2.999368543553197e-08
2.203789461191695e-13
2.203789461191695e-13
8.102370671667764e-14
8.102370671667764e-14
-4.013209315554806e-06
-4.013209315554806e-06
-1.148923380295558e-06
-1.148923380295558e-06
2.528808015551838e-15
2.528808015551838e-15
3.962979968993240e-13
3.962979968993240e-13
4.303101690844364e-07
4.303101690844364e-07
1.844459868910763e-06
1.844459868910763e-06
1.181904095659219e-13
1.181904095659219e-13
1.582457560589718e-13
1.582457560589718e-13
4.131293330643643e-13
4.131293330643643e-13
1.839631548328388e-14
1.839631548328388e-14
1.906713836210730e-13
1.906713836210730e-13
3.451083702752198e-13
3.451083702752198e-13
3.023992209175823e-13
3.023992209175823e-13
4.815786244415325e-14
4.815786244415325e-14
-9.682463187633425e-06
-9.682463187633425e-06
-1.420362798859134e-06
-1.420362798859134e-06
1.950893986133712e-14
1.950893986133712e-14
3.406737771238985e-13
3.406737771238985e-13
-1.675041239014923e-06
-1.675041239014923e-06
-1.525482080554762e-07
-1.525482080554762e-07
1.867976151780518e-13
1.867976151780518e-13
3.236440737387334e-13
3.236440737387334e-13
2.752085877219859e-13
2.752085877219859e-13
3.253561450501193e-15
3.253561450501193e-15
-3.716562301987897e-06
-3.716562301987897e-06
-6.889437692099311e-07
-6.889437692099311e-07
-2.460299958864154e-06
-2.460299958864154e-06
-2.200937559740878e-06
-2.200937559740878e-06
4.443691315728904e-08
4.443691315728904e-08
9.445115360501413e-09
9.445115360501413e-09
1.935925456280730e-06
1.935925456280730e-06
1.579236883701814e-06
1.579236883701814e-06
1.728592957229571e-13
1.728592957229571e-13
2.974519941899711e-13
2.974519941899711e-13
5.105748790247229e-06
5.105748790247229e-06
4.973154455331968e-06
4.973154455331968e-06
3.257687270553583e-13
3.257687270553583e-13
7.503982595847333e-14
7.503982595847333e-14
2.857765049777519e-14
2.857765049777519e-14
3.525195866032272e-13
3.525195866032272e-13
7.141664802442834e-14
7.141664802442834e-14
1.886833664186704e-13
1.886833664186704e-13
1.531062161309161e-13
1.531062161309161e-13
6.814180377394671e-14
6.814180377394671e-14
-7.270099890264629e-08
-7.270099890264629e-08
-2.424558313829549e-07
-2.424558313829549e-07
2.087386362775477e-13
2.087386362775477e-13
5.265747681062709e-14
5.265747681062709e-14
-2.762360187706565e-06
-2.762360187706565e-06
-6.890630586634796e-07
-6.890630586634796e-07
-1.279337717349455e-06
-1.279337717349455e-06
-1.999048076112614e-06
-1.999048076112614e-06
-3.461861901546946e-06
-3.461861901546946e-06
-1.365071647175197e-06
-1.365071647175197e-06
1.329161756105100e-13
1.329161756105100e-13
2.376353305353342e-13
2.376353305353342e-13
1.313115726888043e-13
1.313115726888043e-13
1.142128614282683e-13
1.142128614282683e-13
6.845732647584044e-15
6.845732647584044e-15
3.597422773003484e-13
3.597422773003484e-13
-2.643043177100767e-08
-2.643043177100767e-08
-5.204294595239868e-09
-5.204294595239868e-09
2.774411045371578e-08
2.774411045371578e-08
1.278071849670037e-07
1.278071849670037e-07
1.324250656175871e-13
1.324250656175871e-13
3.726375927448891e-13
3.726375927448891e-13
2.173022836278508e-13
2.173022836278508e-13
6.350434432241893e-14
6.350434432241893e-14
1.045584207290656e-08
1.045584207290656e-08
8.232324848319889e-08
8.232324848319889e-08
5.167354560771618e-14
5.167354560771618e-14
2.246299136712654e-13
2.246299136712654e-13
4.418409934938608e-06
4.418409934938608e-06
5.193225653683271e-07
5.193225653683271e-07
-9.998269682598423e-07
-9.998269682598423e-07
-3.582544886623352e-06
-3.582544886623352e-06
2.612905321519216e-06
2.612905321519216e-06
3.948433255394232e-06
3.948433255394232e-06
3.511759521033709e-06
3.511759521033709e-06
1.890548099660672e-06
1.890548099660672e-06
2.042816327629952e-06
2.042816327629952e-06
3.241634384518554e-07
3.241634384518554e-07
1.656454676100035e-13
1.656454676100035e-13
2.434085730298412e-13
2.434085730298412e-13
1.407755870320978e-13
1.407755870320978e-13
7.158995478637338e-14
7.158995478637338e-14
3.654959862918718e-13
3.654959862918718e-13
4.649528813749682e-14
4.649528813749682e-14
7.481838867285085e-14
7.481838867285085e-14
2.679178673697909e-13
2.679178673697909e-13
2.014132230904874e-13
2.014132230904874e-13
2.902471126879699e-14
2.902471126879699e-14
2.327270461058271e-13
2.327270461058271e-13
7.419619071996864e-14
7.419619071996864e-14
-2.402427511245185e-08
-2.402427511245185e-08
-1.073455632673185e-06
-1.073455632673185e-06
2.946495452963190e-06
2.946495452963190e-06
7.801488945590988e-07
7.801488945590988e-07
3.944537275887490e-13
3.944537275887490e-13
5.950814050779293e-14
5.950814050779293e-14
2.970051617977656e-14
2.970051617977656e-14
2.371807925394369e-13
2.371807925394369e-13
-1.261369074267706e-06
-1.261369074267706e-06
-3.966017463218351e-06
-3.966017463218351e-06
-9.465209753491688e-07
-9.465209753491688e-07
-1.333865476045027e-07
-1.333865476045027e-07
-6.270141307934240e-06
-6.270141307934240e-06
-1.396159939498932e-06
-1.396159939498932e-06
2.642810454282276e-13
2.642810454282276e-13
7.215608272844708e-14
7.215608272844708e-14
5.472228390312527e-15
5.472228390312527e-15
3.392457757512851e-13
3.392457757512851e-13
1.744732244653512e-06
1.744732244653512e-06
2.019112165534471e-06
2.019112165534471e-06
3.906340726330970e-13
3.906340726330970e-13
4.103312935019091e-14
4.103312935019091e-14
-1.138964543246043e-06
-1.138964543246043e-06
-3.453501373061751e-08
-3.453501373061751e-08
-2.654925000224858e-06
-2.654925000224858e-06
-1.152521443119010e-06
-1.152521443119010e-06
-1.531864507688923e-06
-1.531864507688923e-06
-4.017295522162086e-06
-4.017295522162086e-06
-1.326132641206429e-07
-1.326132641206429e-07
-4.884024052599636e-06
-4.884024052599636e-06
9.886916318614952e-07
9.886916318614952e-07
3.204163129762917e-06
3.204163129762917e-06
2.162337700871496e-13
2.162337700871496e-13
3.437774062322499e-14
3.437774062322499e-14
9.471238936792432e-14
9.471238936792432e-14
1.880405983223914e-13
1.880405983223914e-13
1.262271464926389e-13
1.262271464926389e-13
2.514374197941006e-13
2.514374197941006e-13
-6.667089726339287e-07
-6.667089726339287e-07
-4.448038891914646e-06
-4.448038891914646e-06
5.691383643433467e-07
5.691383643433467e-07
4.926457601859669e-07
4.926457601859669e-07
-2.081409000390543e-07
-2.081409000390543e-07
-6.357013802745211e-07
-6.357013802745211e-07
2.118100672312311e-13
2.118100672312311e-13
2.930409265669191e-14
2.930409265669191e-14
-3.371144914442440e-06
-3.371144914442440e-06
-9.329631963106623e-07
-9.329631963106623e-07
-2.388525162112759e-06
-2.388525162112759e-06
-3.250964966174147e-06
-3.250964966174147e-06
2.545774141463728e-13
2.545774141463728e-13
7.895786857968789e-14
7.895786857968789e-14
-2.257583504203225e-07
-2.257583504203225e-07
-3.149770764313015e-07
-3.149770764313015e-07
4.269688144353580e-06
4.269688144353580e-06
6.239946530923461e-07
6.239946530923461e-07
3.727188057882460e-14
3.727188057882460e-14
2.359793327441757e-13
2.359793327441757e-13
-9.603224248132695e-08
-9.603224248132695e-08
-3.265502189319906e-06
-3.265502189319906e-06
1.724972512950678e-06
1.724972512950678e-06
5.079393246412235e-06
5.079393246412235e-06
2.196960053077634e-13
2.196960053077634e-13
8.956286320608752e-14
8.956286320608752e-14
2.315988363857108e-06
2.315988363857108e-06
7.640881662887514e-07
7.640881662887514e-07
4.533409195913519e-06
4.533409195913519e-06
4.036186860904905e-06
4.036186860904905e-06
-2.136495739678324e-06
-2.136495739678324e-06
-4.481855420630742e-06
-4.481855420630742e-06
3.043329671012455e-15
3.043329671012455e-15
2.454871796525261e-13
2.454871796525261e-13
7.301944914805830e-07
7.301944914805830e-07
3.710823670102909e-07
3.710823670102909e-07
2.242658919331319e-13
2.242658919331319e-13
9.854671804322097e-14
9.854671804322097e-14
-3.482328913580953e-06
-3.482328913580953e-06
-4.347156661361278e-06
-4.347156661361278e-06
7.893241393847178e-06
7.893241393847178e-06
2.057502791718313e-06
2.057502791718313e-06
1.480737395264334e-14
1.480737395264334e-14
3.444198573420243e-13
3.444198573420243e-13
1.806517975191773e-13
1.806517975191773e-13
9.792536381976702e-14
9.792536381976702e-14
8.691191031021491e-14
8.691191031021491e-14
1.764747979666433e-13
1.764747979666433e-13
3.653010495797172e-13
3.653010495797172e-13
9.284729481858712e-15
9.284729481858712e-15
2.879578311729304e-14
2.879578311729304e-14
3.817091802378586e-13
3.817091802378586e-13
4.322502498900694e-13
4.322502498900694e-13
6.282293721744287e-15
6.282293721744287e-15
8.708635410071668e-14
8.708635410071668e-14
8.652893471138453e-14
8.652893471138453e-14
1.077057471696020e-13
1.077057471696020e-13
1.055445036216173e-13
1.055445036216173e-13
-3.471532834436455e-07
-3.471532834436455e-07
-1.783366016487029e-06
-1.783366016487029e-06
3.326071726549352e-13
3.326071726549352e-13
4.204938312446058e-14
4.204938312446058e-14
2.147150961289270e-07
2.147150961289270e-07
7.523810264299256e-07
7.523810264299256e-07
2.117405915274307e-13
2.117405915274307e-13
3.376990689080938e-13
3.376990689080938e-13
2.720701045277223e-13
2.720701045277223e-13
3.931206552072420e-14
3.931206552072420e-14
-2.596396177335416e-06
-2.596396177335416e-06
-5.236297650610353e-06
-5.236297650610353e-06
2.227955606886634e-13
2.227955606886634e-13
1.420525541908858e-14
1.420525541908858e-14
1.228752148006674e-13
1.228752148006674e-13
4.109935677144894e-13
4.109935677144894e-13
1.555012619638126e-14
1.555012619638126e-14
2.762622813748757e-13
2.762622813748757e-13
3.134879890657163e-13
3.134879890657163e-13
2.422312001171577e-14
2.422312001171577e-14
1.455029181167306e-13
1.455029181167306e-13
3.180138068854915e-13
3.180138068854915e-13
2.767322741774815e-13
2.767322741774815e-13
2.385644640343727e-14
2.385644640343727e-14
7.738246902192679e-07
7.738246902192679e-07
5.749142311471384e-06
5.749142311471384e-06
5.729339211433946e-09
5.729339211433946e-09
1.059186447278883e-06
1.059186447278883e-06
3.104204854261554e-06
3.104204854261554e-06
2.043840589945829e-06
2.043840589945829e-06
-2.300265643329153e-06
-2.300265643329153e-06
-1.480699032706184e-06
-1.480699032706184e-06
2.507273662352931e-06
2.507273662352931e-06
1.565254038968008e-06
1.565254038968008e-06
-1.275990642109581e-06
-1.275990642109581e-06
-3.945808025626230e-06
-3.945808025626230e-06
-1.381277754540458e-06
-1.381277754540458e-06
-2.832534758338876e-06
-2.832534758338876e-06
-7.511089437888857e-07
-7.511089437888857e-07
-2.562117188082603e-06
-2.562117188082603e-06
3.130536538522159e-08
3.130536538522159e-08
2.668940696729934e-08
2.668940696729934e-08
9.803029105490672e-07
9.803029105490672e-07
1.402390226809632e-06
1.402390226809632e-06
-1.579983073556512e-06
-1.579983073556512e-06
-3.167302322344235e-06
-3.167302322344235e-06
-7.330039388073720e-06
-7.330039388073720e-06
-3.297653054396306e-07
-3.297653054396306e-07
-1.421728574162016e-07
-1.421728574162016e-07
-9.150789664845605e-07
-9.150789664845605e-07
5.380099824048060e-06
5.380099824048060e-06
5.578462518858106e-07
5.578462518858106e-07
-3.029862102528620e-06
-3.029862102528620e-06
-3.428607726238402e-06
-3.428607726238402e-06
5.858446094442229e-08
5.858446094442229e-08
1.006871621903896e-06
1.006871621903896e-06
5.003409563689959e-07
5.003409563689959e-07
2.599467712477630e-06
2.599467712477630e-06
3.485546525730740e-06
3.485546525730740e-06
9.264458520630873e-07
9.264458520630873e-07
5.319368807139045e-06
5.319368807139045e-06
6.501428294893472e-07
6.501428294893472e-07
3.996328769995980e-07
3.996328769995980e-07
1.150317214467702e-06
1.150317214467702e-06
-5.092014952646094e-06
-5.092014952646094e-06
-2.831386289904334e-06
-2.831386289904334e-06
5.512082705978256e-07
5.512082705978256e-07
1.173520281150441e-06
1.173520281150441e-06
1.178829041358414e-07
1.178829041358414e-07
5.493456936117137e-09
5.493456936117137e-09
1.008894020981559e-06
1.008894020981559e-06
1.375166604895396e-06
1.375166604895396e-06
-1.306534775523553e-06
-1.306534775523553e-06
-1.090042437408361e-07
-1.090042437408361e-07
-4.659326261530960e-08
-4.659326261530960e-08
-4.398939611565726e-06
-4.398939611565726e-06
-1.926554027343890e-06
-1.926554027343890e-06
-5.815843835020433e-08
-5.815843835020433e-08
3.816535011164140e-06
3.816535011164140e-06
1.360530219248704e-07
1.360530219248704e-07
7.734140699534747e-06
7.734140699534747e-06
2.897827218246430e-06
2.897827218246430e-06
3.548190972874147e-06
3.548190972874147e-06
3.772924003221576e-06
3.772924003221576e-06
2.263335892658161e-06
2.263335892658161e-06
2.494171267474071e-06
2.494171267474071e-06
4.120342616840148e-06
4.120342616840148e-06
2.458477360031542e-07
2.458477360031542e-07
-3.572919347692615e-07
-3.572919347692615e-07
-6.669053266762749e-07
-6.669053266762749e-07
2.038179527053006e-06
2.038179527053006e-06
2.734257196721435e-06
2.734257196721435e-06
-1.075987969121963e-06
-1.075987969121963e-06
-1.900665798482347e-06
-1.900665798482347e-06
1.249002137511429e-06
1.249002137511429e-06
1.077571694793573e-06
1.077571694793573e-06
4.178202909466412e-07
4.178202909466412e-07
6.120202620270930e-06
6.120202620270930e-06
3.095940108367286e-06
3.095940108367286e-06
2.408089849616650e-06
2.408089849616650e-06
-1.102850739069141e-06
-1.102850739069141e-06
-6.007282123198331e-06
-6.007282123198331e-06
1.560226452359889e-06
1.560226452359889e-06
1.287248114019627e-06
1.287248114019627e-06
7.604278423287607e-06
7.604278423287607e-06
3.546575075358852e-06
3.546575075358852e-06
6.858867977291461e-07
6.858867977291461e-07
7.670012577508105e-08
7.670012577508105e-08
1.831530299763077e-06
1.831530299763077e-06
2.179307157513756e-07
2.179307157513756e-07
-2.015732872165899e-06
-2.015732872165899e-06
-2.197735878327773e-07
-2.197735878327773e-07
1.392918441753547e-06
1.392918441753547e-06
6.823880241048331e-06
6.823880241048331e-06
1.997546122250703e-06
1.997546122250703e-06
5.482552683818808e-08
5.482552683818808e-08
-3.486741545858023e-07
-3.486741545858023e-07
-1.684695385172609e-06
-1.684695385172609e-06
-5.220689251231812e-07
-5.220689251231812e-07
-3.031076722935012e-07
-3.031076722935012e-07
4.880042972362322e-06
4.880042972362322e-06
1.189967594043448e-06
1.189967594043448e-06
1.687605899824325e-06
1.687605899824325e-06
3.906423144954086e-07
3.906423144954086e-07
6.242987423920162e-08
6.242987423920162e-08
5.978399145386875e-06
5.978399145386875e-06
-2.348176663416413e-07
-2.348176663416413e-07
-1.917416819150203e-06
-1.917416819150203e-06
-5.083256108525122e-07
-5.083256108525122e-07
-9.691865673472416e-07
-9.691865673472416e-07
-1.141023103183644e-06
-1.141023103183644e-06
-6.233841507982152e-07
-6.233841507982152e-07
-1.875042535839468e-06
-1.875042535839468e-06
-4.146770791053470e-06
-4.146770791053470e-06
-1.925088442745187e-06
-1.925088442745187e-06
-7.077721029301378e-07
-7.077721029301378e-07
3.753056009236939e-06
3.753056009236939e-06
1.565667736705394e-06
1.565667736705394e-06
-5.997275389317928e-07
-5.997275389317928e-07
-3.133870546592577e-06
-3.133870546592577e-06
2.767329140635761e-08
2.767329140635761e-08
4.339238183748115e-06
4.339238183748115e-06
5.976160564908407e-08
5.976160564908407e-08
2.083428915650659e-07
2.083428915650659e-07
4.931845177611980e-07
4.931845177611980e-07
1.617005474669924e-06
1.617005474669924e-06
1.544296066626224e-06
1.544296066626224e-06
2.067547670905593e-06
2.067547670905593e-06
-1.540788680059007e-06
-1.540788680059007e-06
-6.859079108957958e-08
-6.859079108957958e-08
8.659121758509459e-07
8.659121758509459e-07
1.567172024687559e-06
1.567172024687559e-06
-2.922958563641771e-06
-2.922958563641771e-06
-4.655685513522461e-07
-4.655685513522461e-07
-9.676454902261092e-07
-9.676454902261092e-07
-1.930695704458685e-06
-1.930695704458685e-06
8.065045687160335e-08
8.065045687160335e-08
1.407590605545830e-06
1.407590605545830e-06
-5.191633944615105e-07
-5.191633944615105e-07
-8.994577084883693e-07
-8.994577084883693e-07
-1.102303512807480e-05
-1.102303512807480e-05
-1.298860654541597e-07
-1.298860654541597e-07
2.677948748199817e-06
2.677948748199817e-06
4.607940730654574e-06
4.607940730654574e-06
1.315876657659304e-06
1.315876657659304e-06
3.030855402888557e-07
3.030855402888557e-07
-8.423013892031205e-08
-8.423013892031205e-08
-1.039431190045679e-06
-1.039431190045679e-06
-2.382581872616706e-06
-2.382581872616706e-06
-1.238810584048209e-06
-1.238810584048209e-06
-3.110419549587590e-06
-3.110419549587590e-06
-3.886699697250698e-07
-3.886699697250698e-07
4.680800475216087e-07
4.680800475216087e-07
1.236500693784072e-06
1.236500693784072e-06
-2.291979736974619e-06
-2.291979736974619e-06
-2.164282890750409e-06
-2.164282890750409e-06
1.213753519291556e-06
1.213753519291556e-06
5.401859179900535e-07
5.401859179900535e-07
1.110557687164021e-07
1.110557687164021e-07
4.538288613626301e-07
4.538288613626301e-07
-3.680406728765322e-08
-3.680406728765322e-08
-9.286588379421596e-09
-9.286588379421596e-09
5.162003804852704e-07
5.162003804852704e-07
4.289646890226741e-06
4.289646890226741e-06
1.586174454965466e-06
1.586174454965466e-06
2.835774251680006e-06
2.835774251680006e-06
-1.266766519252361e-06
-1.266766519252361e-06
-1.101668556447920e-06
-1.101668556447920e-06
-1.836842151433143e-08
-1.836842151433143e-08
-9.694431881826886e-07
-9.694431881826886e-07
1.059920092050584e-06
1.059920092050584e-06
1.011554591946567e-05
1.011554591946567e-05
1.861272966200911e-07
1.861272966200911e-07
9.437347106250992e-08
9.437347106250992e-08
-2.009543027347290e-06
-2.009543027347290e-06
-5.238976471566713e-06
-5.238976471566713e-06
1.856572172740798e-06
1.856572172740798e-06
6.650308134845097e-07
6.650308134845097e-07
3.566304360388227e-07
3.566304360388227e-07
1.003823191144466e-06
1.003823191144466e-06
-4.729949203507772e-06
-4.729949203507772e-06
-1.382080771649091e-06
-1.382080771649091e-06
5.238199767169572e-06
5.238199767169572e-06
3.358339536692017e-06
3.358339536692017e-06
-2.510801067104663e-07
-2.510801067104663e-07
-1.091356669015894e-06
-1.091356669015894e-06
-8.113279514035165e-07
-8.113279514035165e-07
-7.913464880689748e-06
-7.913464880689748e-06
1.091752873335746e-06
1.091752873335746e-06
1.752300522917062e-06
1.752300522917062e-06
-8.288627051695626e-07
-8.288627051695626e-07
-9.470142562796477e-08
-9.470142562796477e-08
-3.820595761997470e-06
-3.820595761997470e-06
-1.520006272843292e-06
-1.520006272843292e-06
-2.444170729049801e-06
-2.444170729049801e-06
-6.863093280479780e-06
-6.863093280479780e-06
-2.061192512691862e-06
-2.061192512691862e-06
-3.502397865678016e-07
-3.502397865678016e-07
4.584643085786030e-06
4.584643085786030e-06
6.737202515967420e-06
6.737202515967420e-06
-3.749561857687892e-06
-3.749561857687892e-06
-1.906394154680579e-06
-1.906394154680579e-06
-2.878020607707114e-06
-2.878020607707114e-06
-3.660343613910726e-07
-3.660343613910726e-07
-3.090210897035655e-07
-3.090210897035655e-07
-2.320506672079147e-06
-2.320506672079147e-06
7.123607861903822e-07
7.123607861903822e-07
2.551064005407226e-06
2.551064005407226e-06
5.952526718812321e-06
5.952526718812321e-06
1.461693529941668e-06
1.461693529941668e-06
1.056524141600122e-06
1.056524141600122e-06
1.522565369641452e-07
1.522565369641452e-07
4.824619352013217e-06
4.824619352013217e-06
1.538379696045682e-06
1.538379696045682e-06
4.549361887733184e-07
4.549361887733184e-07
3.580150565919844e-06
3.580150565919844e-06
3.761315730602664e-07
3.761315730602664e-07
4.341998382139890e-06
4.341998382139890e-06
8.872882143609583e-07
8.872882143609583e-07
3.085627097251660e-06
3.085627097251660e-06
-1.169736865830464e-06
-1.169736865830464e-06
-1.983424337732718e-06
-1.983424337732718e-06
4.015735843184791e-07
4.015735843184791e-07
3.859627674729833e-07
3.859627674729833e-07
1.044812640790272e-05
1.044812640790272e-05
8.356554289850034e-07
8.356554289850034e-07
5.874640017070219e-06
5.874640017070219e-06
3.165108215066618e-07
3.165108215066618e-07
4.982934274917160e-06
4.982934274917160e-06
7.515568821842355e-07
7.515568821842355e-07
-1.516420776906045e-07
-1.516420776906045e-07
-1.211024040971773e-06
-1.211024040971773e-06
-1.621893754579431e-07
-1.621893754579431e-07
-3.744628787048297e-07
-3.744628787048297e-07
2.613420548148522e-06
2.613420548148522e-06
7.135737689954005e-07
7.135737689954005e-07
1.415849805206093e-07
1.415849805206093e-07
9.616884841319173e-07
9.616884841319173e-07
-5.574788166558225e-08
-5.574788166558225e-08
-3.463857461964246e-06
-3.463857461964246e-06
3.950714099223505e-06
3.950714099223505e-06
9.664433931754403e-06
9.664433931754403e-06
-1.114370305473312e-07
-1.114370305473312e-07
-2.477938435727817e-06
-2.477938435727817e-06
-3.964597254929061e-06
-3.964597254929061e-06
-4.164526395322479e-07
-4.164526395322479e-07
3.651480302146709e-07
3.651480302146709e-07
1.255695544818861e-06
1.255695544818861e-06
-2.063204115103940e-06
-2.063204115103940e-06
-4.104671820565176e-06
-4.104671820565176e-06
2.997192027791389e-08
2.997192027791389e-08
4.294244959257245e-06
4.294244959257245e-06
5.203560634521787e-06
5.203560634521787e-06
2.717555474524900e-07
2.717555474524900e-07
-6.289585993565855e-06
-6.289585993565855e-06
-9.997942468268696e-07
-9.997942468268696e-07
2.643292311121897e-07
2.643292311121897e-07
3.458766107996561e-06
3.458766107996561e-06
-1.524771314391795e-06
-1.524771314391795e-06
-3.026893070760341e-06
-3.026893070760341e-06
-6.750681662216529e-06
-6.750681662216529e-06
-3.722118123053009e-07
-3.722118123053009e-07
-8.754785689701519e-08
-8.754785689701519e-08
-5.882141273897450e-07
-5.882141273897450e-07
-4.040066618586729e-06
-4.040066618586729e-06
-2.685695626488450e-06
-2.685695626488450e-06
-3.384178082647671e-07
-3.384178082647671e-07
-6.741914925029469e-07
-6.741914925029469e-07
2.937196410554644e-06
2.937196410554644e-06
1.628277787450288e-07
1.628277787450288e-07
2.099722370813724e-06
2.099722370813724e-06
8.163366733442958e-08
8.163366733442958e-08
1.701174743540167e-06
1.701174743540167e-06
1.166635626297186e-06
1.166635626297186e-06
2.831841981713063e-06
2.831841981713063e-06
6.729269741880800e-06
6.729269741880800e-06
2.176504013347984e-07
2.176504013347984e-07
8.789448804672613e-07
8.789448804672613e-07
2.701321858554193e-06
2.701321858554193e-06
2.177828443146748e-06
2.177828443146748e-06
4.735857641125690e-06
4.735857641125690e-06
6.553850486982657e-07
6.553850486982657e-07
7.709547129169813e-07
7.709547129169813e-07
4.436832309277091e-06
4.436832309277091e-06
-4.219155845171337e-06
-4.219155845171337e-06
-4.523755547462720e-06
-4.523755547462720e-06
2.928048758470473e-06
2.928048758470473e-06
9.079542189812633e-07
9.079542189812633e-07
-2.838040989302811e-07
-2.838040989302811e-07
-2.293679936579444e-06
-2.293679936579444e-06
3.855325241140447e-07
3.855325241140447e-07
2.440677664823435e-06
2.440677664823435e-06
-7.882522252460787e-07
-7.882522252460787e-07
-2.342610305964065e-06
-2.342610305964065e-06
2.327944209447111e-07
2.327944209447111e-07
1.120335770910360e-06
1.120335770910360e-06
-2.932188019923478e-06
-2.932188019923478e-06
-1.195603385062808e-06
-1.195603385062808e-06
2.210355039243096e-06
2.210355039243096e-06
4.149217665981964e-07
4.149217665981964e-07
4.151177686829894e-06
4.151177686829894e-06
1.338850756935167e-06
1.338850756935167e-06
5.974185714891122e-08
5.974185714891122e-08
4.819409577163693e-06
4.819409577163693e-06
-5.017420049733896e-06
-5.017420049733896e-06
-2.204318998007475e-06
-2.204318998007475e-06
-1.393508721056053e-07
-1.393508721056053e-07
-2.851656234189913e-06
-2.851656234189913e-06
6.841132860636027e-07
6.841132860636027e-07
1.780913256449615e-07
1.780913256449615e-07
2.428892008041645e-07
2.428892008041645e-07
2.070435224130983e-06
2.070435224130983e-06
3.596492172921295e-07
3.596492172921295e-07
8.364584778317104e-06
8.364584778317104e-06
-5.814816259014071e-07
-5.814816259014071e-07
-9.108100215570199e-07
-9.108100215570199e-07
-1.083410558425911e-06
-1.083410558425911e-06
-3.140309907834772e-06
-3.140309907834772e-06
1.107101966839082e-06
1.107101966839082e-06
2.440866415123640e-08
2.440866415123640e-08
4.799772725457238e-06
4.799772725457238e-06
2.602069737000826e-06
2.602069737000826e-06
2.651659453231966e-06
2.651659453231966e-06
7.222595129243346e-07
7.222595129243346e-07
-7.379726004287591e-07
-7.379726004287591e-07
-1.498495889032086e-06
-1.498495889032086e-06
1.427068515675790e-06
1.427068515675790e-06
3.628151394771048e-08
3.628151394771048e-08
4.851482935572122e-07
4.851482935572122e-07
6.427528044141719e-06
6.427528044141719e-06
-3.783261579682891e-07
-3.783261579682891e-07
-5.505892550106561e-09
-5.505892550106561e-09
1.937035806980336e-08
1.937035806980336e-08
3.830624185135146e-06
3.830624185135146e-06
-1.625225380853224e-06
-1.625225380853224e-06
-1.614574820725753e-06
-1.614574820725753e-06
-2.867896896085523e-06
-2.867896896085523e-06
-2.810538595299031e-06
-2.810538595299031e-06
-3.013283741298929e-06
-3.013283741298929e-06
-6.977032065313788e-06
-6.977032065313788e-06
7.068682004776242e-06
7.068682004776242e-06
8.936484881660462e-07
8.936484881660462e-07
2.860026404751508e-06
2.860026404751508e-06
4.561994693031720e-06
4.561994693031720e-06
-1.393596335505214e-07
-1.393596335505214e-07
-6.908828552522924e-06
-6.908828552522924e-06
-4.046985325220593e-06
-4.046985325220593e-06
-5.847210814189197e-07
-5.847210814189197e-07
-3.574052120599146e-07
-3.574052120599146e-07
-8.911829530909178e-07
-8.911829530909178e-07
3.166740756031847e-06
3.166740756031847e-06
2.019989866783957e-07
2.019989866783957e-07
4.158919185206566e-07
4.158919185206566e-07
1.390808133127968e-06
1.390808133127968e-06
-3.031823644685061e-07
-3.031823644685061e-07
-5.387377534539762e-06
-5.387377534539762e-06
3.705231378409409e-06
3.705231378409409e-06
3.018973265889549e-07
3.018973265889549e-07
-3.300913232235026e-07
-3.300913232235026e-07
-2.694366667634318e-06
-2.694366667634318e-06
-2.094872566952324e-06
-2.094872566952324e-06
-1.602381559757357e-06
-1.602381559757357e-06
7.385007817020856e-07
7.385007817020856e-07
3.145225837610909e-06
3.145225837610909e-06
-8.021277430761459e-07
-8.021277430761459e-07
-6.198618710831104e-08
-6.198618710831104e-08
5.779859701677113e-07
5.779859701677113e-07
1.262962773453629e-06
1.262962773453629e-06
5.452786781692346e-06
5.452786781692346e-06
4.700953866809458e-07
4.700953866809458e-07
-4.115077595002734e-06
-4.115077595002734e-06
-1.474134866993902e-06
-1.474134866993902e-06
-1.528833396508878e-06
-1.528833396508878e-06
-6.467063825222284e-06
-6.467063825222284e-06
