         0     0     0          0  0.000e+00  0.000e+00  0.000e+00     0.000000000000000e+00
         0     1     0          1  0.000e+00  5.000e-02  0.000e+00     0.000000000000000e+00
         0     2     0          2  0.000e+00  1.000e-01  0.000e+00     0.000000000000000e+00
         0     3     0          3  0.000e+00  1.500e-01  0.000e+00     0.000000000000000e+00
         0     4     0          4  0.000e+00  2.000e-01  0.000e+00     0.000000000000000e+00
         0     5     0          5  0.000e+00  2.500e-01  0.000e+00     0.000000000000000e+00
         0     6     0          6  0.000e+00  3.000e-01  0.000e+00     0.000000000000000e+00
         0     7     0          7  0.000e+00  3.500e-01  0.000e+00     0.000000000000000e+00
         0     8     0          8  0.000e+00  4.000e-01  0.000e+00    -1.653621824031582e-03
         0     9     0          9  0.000e+00  4.500e-01  0.000e+00    -9.046960194962105e-03
         0    10     0         10  0.000e+00  5.000e-01  0.000e+00    -1.556941263994762e-03
         0    11     0         11  0.000e+00  5.500e-01  0.000e+00     0.000000000000000e+00
         0    12     0         12  0.000e+00  6.000e-01  0.000e+00     0.000000000000000e+00
         0    13     0         13  0.000e+00  6.500e-01  0.000e+00     0.000000000000000e+00
         0    14     0         14  0.000e+00  7.000e-01  0.000e+00     0.000000000000000e+00
         0    15     0         15  0.000e+00  7.500e-01  0.000e+00     0.000000000000000e+00
         0    16     0         16  0.000e+00  8.000e-01  0.000e+00     0.000000000000000e+00
         0    17     0         17  0.000e+00  8.500e-01  0.000e+00     0.000000000000000e+00
         0    18     0         18  0.000e+00  9.000e-01  0.000e+00     0.000000000000000e+00
         0    19     0         19  0.000e+00  9.500e-01  0.000e+00     0.000000000000000e+00
         1     0     0         22  5.000e-02  0.000e+00  0.000e+00     0.000000000000000e+00
         1     1     0         23  5.000e-02  5.000e-02  0.000e+00     0.000000000000000e+00
         1     2     0         24  5.000e-02  1.000e-01  0.000e+00     0.000000000000000e+00
         1     3     0         25  5.000e-02  1.500e-01  0.000e+00     0.000000000000000e+00
         1     4     0         26  5.000e-02  2.000e-01  0.000e+00     0.000000000000000e+00
         1     5     0         27  5.000e-02  2.500e-01  0.000e+00     0.000000000000000e+00
         1     6     0         28  5.000e-02  3.000e-01  0.000e+00     0.000000000000000e+00
         1     7     0         29  5.000e-02  3.500e-01  0.000e+00     0.000000000000000e+00
         1     8     0         30  5.000e-02  4.000e-01  0.000e+00    -1.530057513847082e-03
         1     9     0         31  5.000e-02  4.500e-01  0.000e+00    -1.028637302569173e-02
         1    10     0         32  5.000e-02  5.000e-01  0.000e+00    -1.870689403809039e-03
         1    11     0         33  5.000e-02  5.500e-01  0.000e+00     0.000000000000000e+00
         1    12     0         34  5.000e-02  6.000e-01  0.000e+00     0.000000000000000e+00
         1    13     0         35  5.000e-02  6.500e-01  0.000e+00     0.000000000000000e+00
         1    14     0         36  5.000e-02  7.000e-01  0.000e+00     0.000000000000000e+00
         1    15     0         37  5.000e-02  7.500e-01  0.000e+00     0.000000000000000e+00
         1    16     0         38  5.000e-02  8.000e-01  0.000e+00     0.000000000000000e+00
         1    17     0         39  5.000e-02  8.500e-01  0.000e+00     0.000000000000000e+00
         1    18     0         40  5.000e-02  9.000e-01  0.000e+00     0.000000000000000e+00
         1    19     0         41  5.000e-02  9.500e-01  0.000e+00     0.000000000000000e+00
         2     0     0         44  1.000e-01  0.000e+00  0.000e+00     0.000000000000000e+00
         2     1     0         45  1.000e-01  5.000e-02  0.000e+00     0.000000000000000e+00
         2     2     0         46  1.000e-01  1.000e-01  0.000e+00     0.000000000000000e+00
         2     3     0         47  1.000e-01  1.500e-01  0.000e+00     0.000000000000000e+00
         2     4     0         48  1.000e-01  2.000e-01  0.000e+00     0.000000000000000e+00
         2     5     0         49  1.000e-01  2.500e-01  0.000e+00     0.000000000000000e+00
         2     6     0         50  1.000e-01  3.000e-01  0.000e+00     0.000000000000000e+00
         2     7     0         51  1.000e-01  3.500e-01  0.000e+00     0.000000000000000e+00
         2     8     0         52  1.000e-01  4.000e-01  0.000e+00     0.000000000000000e+00
         2     9     0         53  1.000e-01  4.500e-01  0.000e+00     0.000000000000000e+00
         2    10     0         54  1.000e-01  5.000e-01  0.000e+00     0.000000000000000e+00
         2    11     0         55  1.000e-01  5.500e-01  0.000e+00     0.000000000000000e+00
         2    12     0         56  1.000e-01  6.000e-01  0.000e+00     0.000000000000000e+00
         2    13     0         57  1.000e-01  6.500e-01  0.000e+00     0.000000000000000e+00
         2    14     0         58  1.000e-01  7.000e-01  0.000e+00     0.000000000000000e+00
         2    15     0         59  1.000e-01  7.500e-01  0.000e+00     0.000000000000000e+00
         2    16     0         60  1.000e-01  8.000e-01  0.000e+00     0.000000000000000e+00
         2    17     0         61  1.000e-01  8.500e-01  0.000e+00     0.000000000000000e+00
         2    18     0         62  1.000e-01  9.000e-01  0.000e+00     0.000000000000000e+00
         2    19     0         63  1.000e-01  9.500e-01  0.000e+00     0.000000000000000e+00
         3     0     0         66  1.500e-01  0.000e+00  0.000e+00     0.000000000000000e+00
         3     1     0         67  1.500e-01  5.000e-02  0.000e+00     0.000000000000000e+00
         3     2     0         68  1.500e-01  1.000e-01  0.000e+00     0.000000000000000e+00
         3     3     0         69  1.500e-01  1.500e-01  0.000e+00     0.000000000000000e+00
         3     4     0         70  1.500e-01  2.000e-01  0.000e+00     0.000000000000000e+00
         3     5     0         71  1.500e-01  2.500e-01  0.000e+00     0.000000000000000e+00
         3     6     0         72  1.500e-01  3.000e-01  0.000e+00     0.000000000000000e+00
         3     7     0         73  1.500e-01  3.500e-01  0.000e+00     0.000000000000000e+00
         3     8     0         74  1.500e-01  4.000e-01  0.000e+00     0.000000000000000e+00
         3     9     0         75  1.500e-01  4.500e-01  0.000e+00     0.000000000000000e+00
         3    10     0         76  1.500e-01  5.000e-01  0.000e+00     0.000000000000000e+00
         3    11     0         77  1.500e-01  5.500e-01  0.000e+00     0.000000000000000e+00
         3    12     0         78  1.500e-01  6.000e-01  0.000e+00     0.000000000000000e+00
         3    13     0         79  1.500e-01  6.500e-01  0.000e+00     0.000000000000000e+00
         3    14     0         80  1.500e-01  7.000e-01  0.000e+00     0.000000000000000e+00
         3    15     0         81  1.500e-01  7.500e-01  0.000e+00     0.000000000000000e+00
         3    16     0         82  1.500e-01  8.000e-01  0.000e+00     0.000000000000000e+00
         3    17     0         83  1.500e-01  8.500e-01  0.000e+00     0.000000000000000e+00
         3    18     0         84  1.500e-01  9.000e-01  0.000e+00     0.000000000000000e+00
         3    19     0         85  1.500e-01  9.500e-01  0.000e+00     0.000000000000000e+00
         4     0     0         88  2.000e-01  0.000e+00  0.000e+00     0.000000000000000e+00
         4     1     0         89  2.000e-01  5.000e-02  0.000e+00     0.000000000000000e+00
         4     2     0         90  2.000e-01  1.000e-01  0.000e+00     0.000000000000000e+00
         4     3     0         91  2.000e-01  1.500e-01  0.000e+00     0.000000000000000e+00
         4     4     0         92  2.000e-01  2.000e-01  0.000e+00     0.000000000000000e+00
         4     5     0         93  2.000e-01  2.500e-01  0.000e+00     0.000000000000000e+00
         4     6     0         94  2.000e-01  3.000e-01  0.000e+00     0.000000000000000e+00
         4     7     0         95  2.000e-01  3.500e-01  0.000e+00     0.000000000000000e+00
         4     8     0         96  2.000e-01  4.000e-01  0.000e+00     0.000000000000000e+00
         4     9     0         97  2.000e-01  4.500e-01  0.000e+00     0.000000000000000e+00
         4    10     0         98  2.000e-01  5.000e-01  0.000e+00     0.000000000000000e+00
         4    11     0         99  2.000e-01  5.500e-01  0.000e+00     0.000000000000000e+00
         4    12     0        100  2.000e-01  6.000e-01  0.000e+00     0.000000000000000e+00
         4    13     0        101  2.000e-01  6.500e-01  0.000e+00     0.000000000000000e+00
         4    14     0        102  2.000e-01  7.000e-01  0.000e+00     0.000000000000000e+00
         4    15     0        103  2.000e-01  7.500e-01  0.000e+00     0.000000000000000e+00
         4    16     0        104  2.000e-01  8.000e-01  0.000e+00     0.000000000000000e+00
         4    17     0        105  2.000e-01  8.500e-01  0.000e+00     0.000000000000000e+00
         4    18     0        106  2.000e-01  9.000e-01  0.000e+00     0.000000000000000e+00
         4    19     0        107  2.000e-01  9.500e-01  0.000e+00     0.000000000000000e+00
         5     0     0        110  2.500e-01  0.000e+00  0.000e+00     0.000000000000000e+00
         5     1     0        111  2.500e-01  5.000e-02  0.000e+00     0.000000000000000e+00
         5     2     0        112  2.500e-01  1.000e-01  0.000e+00     0.000000000000000e+00
         5     3     0        113  2.500e-01  1.500e-01  0.000e+00     0.000000000000000e+00
         5     4     0        114  2.500e-01  2.000e-01  0.000e+00     0.000000000000000e+00
         5     5     0        115  2.500e-01  2.500e-01  0.000e+00     0.000000000000000e+00
         5     6     0        116  2.500e-01  3.000e-01  0.000e+00     0.000000000000000e+00
         5     7     0        117  2.500e-01  3.500e-01  0.000e+00     0.000000000000000e+00
         5     8     0        118  2.500e-01  4.000e-01  0.000e+00     0.000000000000000e+00
         5     9     0        119  2.500e-01  4.500e-01  0.000e+00     0.000000000000000e+00
         5    10     0        120  2.500e-01  5.000e-01  0.000e+00     0.000000000000000e+00
         5    11     0        121  2.500e-01  5.500e-01  0.000e+00     0.000000000000000e+00
         5    12     0        122  2.500e-01  6.000e-01  0.000e+00     0.000000000000000e+00
         5    13     0        123  2.500e-01  6.500e-01  0.000e+00     0.000000000000000e+00
         5    14     0        124  2.500e-01  7.000e-01  0.000e+00     0.000000000000000e+00
         5    15     0        125  2.500e-01  7.500e-01  0.000e+00     0.000000000000000e+00
         5    16     0        126  2.500e-01  8.000e-01  0.000e+00     0.000000000000000e+00
         5    17     0        127  2.500e-01  8.500e-01  0.000e+00     0.000000000000000e+00
         5    18     0        128  2.500e-01  9.000e-01  0.000e+00     0.000000000000000e+00
         5    19     0        129  2.500e-01  9.500e-01  0.000e+00     0.000000000000000e+00
         6     0     0        132  3.000e-01  0.000e+00  0.000e+00     0.000000000000000e+00
         6     1     0        133  3.000e-01  5.000e-02  0.000e+00     0.000000000000000e+00
         6     2     0        134  3.000e-01  1.000e-01  0.000e+00     0.000000000000000e+00
         6     3     0        135  3.000e-01  1.500e-01  0.000e+00     0.000000000000000e+00
         6     4     0        136  3.000e-01  2.000e-01  0.000e+00     0.000000000000000e+00
         6     5     0        137  3.000e-01  2.500e-01  0.000e+00     0.000000000000000e+00
         6     6     0        138  3.000e-01  3.000e-01  0.000e+00     0.000000000000000e+00
         6     7     0        139  3.000e-01  3.500e-01  0.000e+00     0.000000000000000e+00
         6     8     0        140  3.000e-01  4.000e-01  0.000e+00     0.000000000000000e+00
         6     9     0        141  3.000e-01  4.500e-01  0.000e+00     0.000000000000000e+00
         6    10     0        142  3.000e-01  5.000e-01  0.000e+00     0.000000000000000e+00
         6    11     0        143  3.000e-01  5.500e-01  0.000e+00     0.000000000000000e+00
         6    12     0        144  3.000e-01  6.000e-01  0.000e+00     0.000000000000000e+00
         6    13     0        145  3.000e-01  6.500e-01  0.000e+00     0.000000000000000e+00
         6    14     0        146  3.000e-01  7.000e-01  0.000e+00     0.000000000000000e+00
         6    15     0        147  3.000e-01  7.500e-01  0.000e+00     0.000000000000000e+00
         6    16     0        148  3.000e-01  8.000e-01  0.000e+00     0.000000000000000e+00
         6    17     0        149  3.000e-01  8.500e-01  0.000e+00     0.000000000000000e+00
         6    18     0        150  3.000e-01  9.000e-01  0.000e+00     0.000000000000000e+00
         6    19     0        151  3.000e-01  9.500e-01  0.000e+00     0.000000000000000e+00
         7     0     0        154  3.500e-01  0.000e+00  0.000e+00     0.000000000000000e+00
         7     1     0        155  3.500e-01  5.000e-02  0.000e+00     0.000000000000000e+00
         7     2     0        156  3.500e-01  1.000e-01  0.000e+00     0.000000000000000e+00
         7     3     0        157  3.500e-01  1.500e-01  0.000e+00     0.000000000000000e+00
         7     4     0        158  3.500e-01  2.000e-01  0.000e+00     0.000000000000000e+00
         7     5     0        159  3.500e-01  2.500e-01  0.000e+00     0.000000000000000e+00
         7     6     0        160  3.500e-01  3.000e-01  0.000e+00     0.000000000000000e+00
         7     7     0        161  3.500e-01  3.500e-01  0.000e+00     0.000000000000000e+00
         7     8     0        162  3.500e-01  4.000e-01  0.000e+00     0.000000000000000e+00
         7     9     0        163  3.500e-01  4.500e-01  0.000e+00     0.000000000000000e+00
         7    10     0        164  3.500e-01  5.000e-01  0.000e+00     0.000000000000000e+00
         7    11     0        165  3.500e-01  5.500e-01  0.000e+00     0.000000000000000e+00
         7    12     0        166  3.500e-01  6.000e-01  0.000e+00     0.000000000000000e+00
         7    13     0        167  3.500e-01  6.500e-01  0.000e+00     0.000000000000000e+00
         7    14     0        168  3.500e-01  7.000e-01  0.000e+00     0.000000000000000e+00
         7    15     0        169  3.500e-01  7.500e-01  0.000e+00     0.000000000000000e+00
         7    16     0        170  3.500e-01  8.000e-01  0.000e+00     0.000000000000000e+00
         7    17     0        171  3.500e-01  8.500e-01  0.000e+00     0.000000000000000e+00
         7    18     0        172  3.500e-01  9.000e-01  0.000e+00     0.000000000000000e+00
         7    19     0        173  3.500e-01  9.500e-01  0.000e+00     0.000000000000000e+00
         8     0     0        176  4.000e-01  0.000e+00  0.000e+00     0.000000000000000e+00
         8     1     0        177  4.000e-01  5.000e-02  0.000e+00     0.000000000000000e+00
         8     2     0        178  4.000e-01  1.000e-01  0.000e+00     0.000000000000000e+00
         8     3     0        179  4.000e-01  1.500e-01  0.000e+00     0.000000000000000e+00
         8     4     0        180  4.000e-01  2.000e-01  0.000e+00     0.000000000000000e+00
         8     5     0        181  4.000e-01  2.500e-01  0.000e+00     0.000000000000000e+00
         8     6     0        182  4.000e-01  3.000e-01  0.000e+00     0.000000000000000e+00
         8     7     0        183  4.000e-01  3.500e-01  0.000e+00     0.000000000000000e+00
         8     8     0        184  4.000e-01  4.000e-01  0.000e+00     0.000000000000000e+00
         8     9     0        185  4.000e-01  4.500e-01  0.000e+00     0.000000000000000e+00
         8    10     0        186  4.000e-01  5.000e-01  0.000e+00     0.000000000000000e+00
         8    11     0        187  4.000e-01  5.500e-01  0.000e+00     0.000000000000000e+00
         8    12     0        188  4.000e-01  6.000e-01  0.000e+00     0.000000000000000e+00
         8    13     0        189  4.000e-01  6.500e-01  0.000e+00     0.000000000000000e+00
         8    14     0        190  4.000e-01  7.000e-01  0.000e+00     0.000000000000000e+00
         8    15     0        191  4.000e-01  7.500e-01  0.000e+00     0.000000000000000e+00
         8    16     0        192  4.000e-01  8.000e-01  0.000e+00     0.000000000000000e+00
         8    17     0        193  4.000e-01  8.500e-01  0.000e+00     0.000000000000000e+00
         8    18     0        194  4.000e-01  9.000e-01  0.000e+00     0.000000000000000e+00
         8    19     0        195  4.000e-01  9.500e-01  0.000e+00     0.000000000000000e+00
         9     0     0        198  4.500e-01  0.000e+00  0.000e+00     0.000000000000000e+00
         9     1     0        199  4.500e-01  5.000e-02  0.000e+00     0.000000000000000e+00
         9     2     0        200  4.500e-01  1.000e-01  0.000e+00     0.000000000000000e+00
         9     3     0        201  4.500e-01  1.500e-01  0.000e+00     0.000000000000000e+00
         9     4     0        202  4.500e-01  2.000e-01  0.000e+00     0.000000000000000e+00
         9     5     0        203  4.500e-01  2.500e-01  0.000e+00     0.000000000000000e+00
         9     6     0        204  4.500e-01  3.000e-01  0.000e+00     0.000000000000000e+00
         9     7     0        205  4.500e-01  3.500e-01  0.000e+00     0.000000000000000e+00
         9     8     0        206  4.500e-01  4.000e-01  0.000e+00     0.000000000000000e+00
         9     9     0        207  4.500e-01  4.500e-01  0.000e+00     0.000000000000000e+00
         9    10     0        208  4.500e-01  5.000e-01  0.000e+00     0.000000000000000e+00
         9    11     0        209  4.500e-01  5.500e-01  0.000e+00     0.000000000000000e+00
         9    12     0        210  4.500e-01  6.000e-01  0.000e+00     0.000000000000000e+00
         9    13     0        211  4.500e-01  6.500e-01  0.000e+00     0.000000000000000e+00
         9    14     0        212  4.500e-01  7.000e-01  0.000e+00     0.000000000000000e+00
         9    15     0        213  4.500e-01  7.500e-01  0.000e+00     0.000000000000000e+00
         9    16     0        214  4.500e-01  8.000e-01  0.000e+00     0.000000000000000e+00
         9    17     0        215  4.500e-01  8.500e-01  0.000e+00     0.000000000000000e+00
         9    18     0        216  4.500e-01  9.000e-01  0.000e+00     0.000000000000000e+00
         9    19     0        217  4.500e-01  9.500e-01  0.000e+00     0.000000000000000e+00
        10     0     0        220  5.000e-01  0.000e+00  0.000e+00     0.000000000000000e+00
        10     1     0        221  5.000e-01  5.000e-02  0.000e+00     0.000000000000000e+00
        10     2     0        222  5.000e-01  1.000e-01  0.000e+00     0.000000000000000e+00
        10     3     0        223  5.000e-01  1.500e-01  0.000e+00     0.000000000000000e+00
        10     4     0        224  5.000e-01  2.000e-01  0.000e+00     0.000000000000000e+00
        10     5     0        225  5.000e-01  2.500e-01  0.000e+00     0.000000000000000e+00
        10     6     0        226  5.000e-01  3.000e-01  0.000e+00     0.000000000000000e+00
        10     7     0        227  5.000e-01  3.500e-01  0.000e+00     0.000000000000000e+00
        10     8     0        228  5.000e-01  4.000e-01  0.000e+00     0.000000000000000e+00
        10     9     0        229  5.000e-01  4.500e-01  0.000e+00     0.000000000000000e+00
        10    10     0        230  5.000e-01  5.000e-01  0.000e+00     0.000000000000000e+00
        10    11     0        231  5.000e-01  5.500e-01  0.000e+00     0.000000000000000e+00
        10    12     0        232  5.000e-01  6.000e-01  0.000e+00     0.000000000000000e+00
        10    13     0        233  5.000e-01  6.500e-01  0.000e+00     0.000000000000000e+00
        10    14     0        234  5.000e-01  7.000e-01  0.000e+00     0.000000000000000e+00
        10    15     0        235  5.000e-01  7.500e-01  0.000e+00     0.000000000000000e+00
        10    16     0        236  5.000e-01  8.000e-01  0.000e+00     0.000000000000000e+00
        10    17     0        237  5.000e-01  8.500e-01  0.000e+00     0.000000000000000e+00
        10    18     0        238  5.000e-01  9.000e-01  0.000e+00     0.000000000000000e+00
        10    19     0        239  5.000e-01  9.500e-01  0.000e+00     0.000000000000000e+00
        11     0     0        242  5.500e-01  0.000e+00  0.000e+00     0.000000000000000e+00
        11     1     0        243  5.500e-01  5.000e-02  0.000e+00     0.000000000000000e+00
        11     2     0        244  5.500e-01  1.000e-01  0.000e+00     0.000000000000000e+00
        11     3     0        245  5.500e-01  1.500e-01  0.000e+00     0.000000000000000e+00
        11     4     0        246  5.500e-01  2.000e-01  0.000e+00     0.000000000000000e+00
        11     5     0        247  5.500e-01  2.500e-01  0.000e+00     0.000000000000000e+00
        11     6     0        248  5.500e-01  3.000e-01  0.000e+00     0.000000000000000e+00
        11     7     0        249  5.500e-01  3.500e-01  0.000e+00     0.000000000000000e+00
        11     8     0        250  5.500e-01  4.000e-01  0.000e+00     0.000000000000000e+00
        11     9     0        251  5.500e-01  4.500e-01  0.000e+00     0.000000000000000e+00
        11    10     0        252  5.500e-01  5.000e-01  0.000e+00     0.000000000000000e+00
        11    11     0        253  5.500e-01  5.500e-01  0.000e+00     0.000000000000000e+00
        11    12     0        254  5.500e-01  6.000e-01  0.000e+00     0.000000000000000e+00
        11    13     0        255  5.500e-01  6.500e-01  0.000e+00     0.000000000000000e+00
        11    14     0        256  5.500e-01  7.000e-01  0.000e+00     0.000000000000000e+00
        11    15     0        257  5.500e-01  7.500e-01  0.000e+00     0.000000000000000e+00
        11    16     0        258  5.500e-01  8.000e-01  0.000e+00     0.000000000000000e+00
        11    17     0        259  5.500e-01  8.500e-01  0.000e+00     0.000000000000000e+00
        11    18     0        260  5.500e-01  9.000e-01  0.000e+00     0.000000000000000e+00
        11    19     0        261  5.500e-01  9.500e-01  0.000e+00     0.000000000000000e+00
        12     0     0        264  6.000e-01  0.000e+00  0.000e+00     0.000000000000000e+00
        12     1     0        265  6.000e-01  5.000e-02  0.000e+00     0.000000000000000e+00
        12     2     0        266  6.000e-01  1.000e-01  0.000e+00     0.000000000000000e+00
        12     3     0        267  6.000e-01  1.500e-01  0.000e+00     0.000000000000000e+00
        12     4     0        268  6.000e-01  2.000e-01  0.000e+00     0.000000000000000e+00
        12     5     0        269  6.000e-01  2.500e-01  0.000e+00     0.000000000000000e+00
        12     6     0        270  6.000e-01  3.000e-01  0.000e+00     0.000000000000000e+00
        12     7     0        271  6.000e-01  3.500e-01  0.000e+00     0.000000000000000e+00
        12     8     0        272  6.000e-01  4.000e-01  0.000e+00     0.000000000000000e+00
        12     9     0        273  6.000e-01  4.500e-01  0.000e+00     0.000000000000000e+00
        12    10     0        274  6.000e-01  5.000e-01  0.000e+00     0.000000000000000e+00
        12    11     0        275  6.000e-01  5.500e-01  0.000e+00     0.000000000000000e+00
        12    12     0        276  6.000e-01  6.000e-01  0.000e+00     0.000000000000000e+00
        12    13     0        277  6.000e-01  6.500e-01  0.000e+00     0.000000000000000e+00
        12    14     0        278  6.000e-01  7.000e-01  0.000e+00     0.000000000000000e+00
        12    15     0        279  6.000e-01  7.500e-01  0.000e+00     0.000000000000000e+00
        12    16     0        280  6.000e-01  8.000e-01  0.000e+00     0.000000000000000e+00
        12    17     0        281  6.000e-01  8.500e-01  0.000e+00     0.000000000000000e+00
        12    18     0        282  6.000e-01  9.000e-01  0.000e+00     0.000000000000000e+00
        12    19     0        283  6.000e-01  9.500e-01  0.000e+00     0.000000000000000e+00
        13     0     0        286  6.500e-01  0.000e+00  0.000e+00     0.000000000000000e+00
        13     1     0        287  6.500e-01  5.000e-02  0.000e+00     0.000000000000000e+00
        13     2     0        288  6.500e-01  1.000e-01  0.000e+00     0.000000000000000e+00
        13     3     0        289  6.500e-01  1.500e-01  0.000e+00     0.000000000000000e+00
        13     4     0        290  6.500e-01  2.000e-01  0.000e+00     0.000000000000000e+00
        13     5     0        291  6.500e-01  2.500e-01  0.000e+00     0.000000000000000e+00
        13     6     0        292  6.500e-01  3.000e-01  0.000e+00     0.000000000000000e+00
        13     7     0        293  6.500e-01  3.500e-01  0.000e+00     0.000000000000000e+00
        13     8     0        294  6.500e-01  4.000e-01  0.000e+00     0.000000000000000e+00
        13     9     0        295  6.500e-01  4.500e-01  0.000e+00     0.000000000000000e+00
        13    10     0        296  6.500e-01  5.000e-01  0.000e+00     0.000000000000000e+00
        13    11     0        297  6.500e-01  5.500e-01  0.000e+00     0.000000000000000e+00
        13    12     0        298  6.500e-01  6.000e-01  0.000e+00     0.000000000000000e+00
        13    13     0        299  6.500e-01  6.500e-01  0.000e+00     0.000000000000000e+00
        13    14     0        300  6.500e-01  7.000e-01  0.000e+00     0.000000000000000e+00
        13    15     0        301  6.500e-01  7.500e-01  0.000e+00     0.000000000000000e+00
        13    16     0        302  6.500e-01  8.000e-01  0.000e+00     0.000000000000000e+00
        13    17     0        303  6.500e-01  8.500e-01  0.000e+00     0.000000000000000e+00
        13    18     0        304  6.500e-01  9.000e-01  0.000e+00     0.000000000000000e+00
        13    19     0        305  6.500e-01  9.500e-01  0.000e+00     0.000000000000000e+00
        14     0     0        308  7.000e-01  0.000e+00  0.000e+00     0.000000000000000e+00
        14     1     0        309  7.000e-01  5.000e-02  0.000e+00     0.000000000000000e+00
        14     2     0        310  7.000e-01  1.000e-01  0.000e+00     0.000000000000000e+00
        14     3     0        311  7.000e-01  1.500e-01  0.000e+00     0.000000000000000e+00
        14     4     0        312  7.000e-01  2.000e-01  0.000e+00     0.000000000000000e+00
        14     5     0        313  7.000e-01  2.500e-01  0.000e+00     0.000000000000000e+00
        14     6     0        314  7.000e-01  3.000e-01  0.000e+00     0.000000000000000e+00
        14     7     0        315  7.000e-01  3.500e-01  0.000e+00     0.000000000000000e+00
        14     8     0        316  7.000e-01  4.000e-01  0.000e+00     0.000000000000000e+00
        14     9     0        317  7.000e-01  4.500e-01  0.000e+00     0.000000000000000e+00
        14    10     0        318  7.000e-01  5.000e-01  0.000e+00     0.000000000000000e+00
        14    11     0        319  7.000e-01  5.500e-01  0.000e+00     0.000000000000000e+00
        14    12     0        320  7.000e-01  6.000e-01  0.000e+00     0.000000000000000e+00
        14    13     0        321  7.000e-01  6.500e-01  0.000e+00     0.000000000000000e+00
        14    14     0        322  7.000e-01  7.000e-01  0.000e+00     0.000000000000000e+00
        14    15     0        323  7.000e-01  7.500e-01  0.000e+00     0.000000000000000e+00
        14    16     0        324  7.000e-01  8.000e-01  0.000e+00     0.000000000000000e+00
        14    17     0        325  7.000e-01  8.500e-01  0.000e+00     0.000000000000000e+00
        14    18     0        326  7.000e-01  9.000e-01  0.000e+00     0.000000000000000e+00
        14    19     0        327  7.000e-01  9.500e-01  0.000e+00     0.000000000000000e+00
        15     0     0        330  7.500e-01  0.000e+00  0.000e+00     0.000000000000000e+00
        15     1     0        331  7.500e-01  5.000e-02  0.000e+00     0.000000000000000e+00
        15     2     0        332  7.500e-01  1.000e-01  0.000e+00     0.000000000000000e+00
        15     3     0        333  7.500e-01  1.500e-01  0.000e+00     0.000000000000000e+00
        15     4     0        334  7.500e-01  2.000e-01  0.000e+00     0.000000000000000e+00
        15     5     0        335  7.500e-01  2.500e-01  0.000e+00     0.000000000000000e+00
        15     6     0        336  7.500e-01  3.000e-01  0.000e+00     0.000000000000000e+00
        15     7     0        337  7.500e-01  3.500e-01  0.000e+00     0.000000000000000e+00
        15     8     0        338  7.500e-01  4.000e-01  0.000e+00     0.000000000000000e+00
        15     9     0        339  7.500e-01  4.500e-01  0.000e+00     0.000000000000000e+00
        15    10     0        340  7.500e-01  5.000e-01  0.000e+00     0.000000000000000e+00
        15    11     0        341  7.500e-01  5.500e-01  0.000e+00     0.000000000000000e+00
        15    12     0        342  7.500e-01  6.000e-01  0.000e+00     0.000000000000000e+00
        15    13     0        343  7.500e-01  6.500e-01  0.000e+00     0.000000000000000e+00
        15    14     0        344  7.500e-01  7.000e-01  0.000e+00     0.000000000000000e+00
        15    15     0        345  7.500e-01  7.500e-01  0.000e+00     0.000000000000000e+00
        15    16     0        346  7.500e-01  8.000e-01  0.000e+00     0.000000000000000e+00
        15    17     0        347  7.500e-01  8.500e-01  0.000e+00     0.000000000000000e+00
        15    18     0        348  7.500e-01  9.000e-01  0.000e+00     0.000000000000000e+00
        15    19     0        349  7.500e-01  9.500e-01  0.000e+00     0.000000000000000e+00
        16     0     0        352  8.000e-01  0.000e+00  0.000e+00     0.000000000000000e+00
        16     1     0        353  8.000e-01  5.000e-02  0.000e+00     0.000000000000000e+00
        16     2     0        354  8.000e-01  1.000e-01  0.000e+00     0.000000000000000e+00
        16     3     0        355  8.000e-01  1.500e-01  0.000e+00     0.000000000000000e+00
        16     4     0        356  8.000e-01  2.000e-01  0.000e+00     0.000000000000000e+00
        16     5     0        357  8.000e-01  2.500e-01  0.000e+00     0.000000000000000e+00
        16     6     0        358  8.000e-01  3.000e-01  0.000e+00     0.000000000000000e+00
        16     7     0        359  8.000e-01  3.500e-01  0.000e+00     0.000000000000000e+00
        16     8     0        360  8.000e-01  4.000e-01  0.000e+00     0.000000000000000e+00
        16     9     0        361  8.000e-01  4.500e-01  0.000e+00     0.000000000000000e+00
        16    10     0        362  8.000e-01  5.000e-01  0.000e+00     0.000000000000000e+00
        16    11     0        363  8.000e-01  5.500e-01  0.000e+00     0.000000000000000e+00
        16    12     0        364  8.000e-01  6.000e-01  0.000e+00     0.000000000000000e+00
        16    13     0        365  8.000e-01  6.500e-01  0.000e+00     0.000000000000000e+00
        16    14     0        366  8.000e-01  7.000e-01  0.000e+00     0.000000000000000e+00
        16    15     0        367  8.000e-01  7.500e-01  0.000e+00     0.000000000000000e+00
        16    16     0        368  8.000e-01  8.000e-01  0.000e+00     0.000000000000000e+00
        16    17     0        369  8.000e-01  8.500e-01  0.000e+00     0.000000000000000e+00
        16    18     0        370  8.000e-01  9.000e-01  0.000e+00     0.000000000000000e+00
        16    19     0        371  8.000e-01  9.500e-01  0.000e+00     0.000000000000000e+00
        17     0     0        374  8.500e-01  0.000e+00  0.000e+00     0.000000000000000e+00
        17     1     0        375  8.500e-01  5.000e-02  0.000e+00     0.000000000000000e+00
        17     2     0        376  8.500e-01  1.000e-01  0.000e+00     0.000000000000000e+00
        17     3     0        377  8.500e-01  1.500e-01  0.000e+00     0.000000000000000e+00
        17     4     0        378  8.500e-01  2.000e-01  0.000e+00     0.000000000000000e+00
        17     5     0        379  8.500e-01  2.500e-01  0.000e+00     0.000000000000000e+00
        17     6     0        380  8.500e-01  3.000e-01  0.000e+00     0.000000000000000e+00
        17     7     0        381  8.500e-01  3.500e-01  0.000e+00     0.000000000000000e+00
        17     8     0        382  8.500e-01  4.000e-01  0.000e+00     0.000000000000000e+00
        17     9     0        383  8.500e-01  4.500e-01  0.000e+00     0.000000000000000e+00
        17    10     0        384  8.500e-01  5.000e-01  0.000e+00     0.000000000000000e+00
        17    11     0        385  8.500e-01  5.500e-01  0.000e+00     0.000000000000000e+00
        17    12     0        386  8.500e-01  6.000e-01  0.000e+00     0.000000000000000e+00
        17    13     0        387  8.500e-01  6.500e-01  0.000e+00     0.000000000000000e+00
        17    14     0        388  8.500e-01  7.000e-01  0.000e+00     0.000000000000000e+00
        17    15     0        389  8.500e-01  7.500e-01  0.000e+00     0.000000000000000e+00
        17    16     0        390  8.500e-01  8.000e-01  0.000e+00     0.000000000000000e+00
        17    17     0        391  8.500e-01  8.500e-01  0.000e+00     0.000000000000000e+00
        17    18     0        392  8.500e-01  9.000e-01  0.000e+00     0.000000000000000e+00
        17    19     0        393  8.500e-01  9.500e-01  0.000e+00     0.000000000000000e+00
        18     0     0        396  9.000e-01  0.000e+00  0.000e+00     0.000000000000000e+00
        18     1     0        397  9.000e-01  5.000e-02  0.000e+00     0.000000000000000e+00
        18     2     0        398  9.000e-01  1.000e-01  0.000e+00     0.000000000000000e+00
        18     3     0        399  9.000e-01  1.500e-01  0.000e+00     0.000000000000000e+00
        18     4     0        400  9.000e-01  2.000e-01  0.000e+00     0.000000000000000e+00
        18     5     0        401  9.000e-01  2.500e-01  0.000e+00     0.000000000000000e+00
        18     6     0        402  9.000e-01  3.000e-01  0.000e+00     0.000000000000000e+00
        18     7     0        403  9.000e-01  3.500e-01  0.000e+00     0.000000000000000e+00
        18     8     0        404  9.000e-01  4.000e-01  0.000e+00     0.000000000000000e+00
        18     9     0        405  9.000e-01  4.500e-01  0.000e+00     0.000000000000000e+00
        18    10     0        406  9.000e-01  5.000e-01  0.000e+00     0.000000000000000e+00
        18    11     0        407  9.000e-01  5.500e-01  0.000e+00     0.000000000000000e+00
        18    12     0        408  9.000e-01  6.000e-01  0.000e+00     0.000000000000000e+00
        18    13     0        409  9.000e-01  6.500e-01  0.000e+00     0.000000000000000e+00
        18    14     0        410  9.000e-01  7.000e-01  0.000e+00     0.000000000000000e+00
        18    15     0        411  9.000e-01  7.500e-01  0.000e+00     0.000000000000000e+00
        18    16     0        412  9.000e-01  8.000e-01  0.000e+00     0.000000000000000e+00
        18    17     0        413  9.000e-01  8.500e-01  0.000e+00     0.000000000000000e+00
        18    18     0        414  9.000e-01  9.000e-01  0.000e+00     0.000000000000000e+00
        18    19     0        415  9.000e-01  9.500e-01  0.000e+00     0.000000000000000e+00
        19     0     0        418  9.500e-01  0.000e+00  0.000e+00     0.000000000000000e+00
        19     1     0        419  9.500e-01  5.000e-02  0.000e+00     0.000000000000000e+00
        19     2     0        420  9.500e-01  1.000e-01  0.000e+00     0.000000000000000e+00
        19     3     0        421  9.500e-01  1.500e-01  0.000e+00     0.000000000000000e+00
        19     4     0        422  9.500e-01  2.000e-01  0.000e+00     0.000000000000000e+00
        19     5     0        423  9.500e-01  2.500e-01  0.000e+00     0.000000000000000e+00
        19     6     0        424  9.500e-01  3.000e-01  0.000e+00     0.000000000000000e+00
        19     7     0        425  9.500e-01  3.500e-01  0.000e+00     0.000000000000000e+00
        19     8     0        426  9.500e-01  4.000e-01  0.000e+00     0.000000000000000e+00
        19     9     0        427  9.500e-01  4.500e-01  0.000e+00     0.000000000000000e+00
        19    10     0        428  9.500e-01  5.000e-01  0.000e+00     0.000000000000000e+00
        19    11     0        429  9.500e-01  5.500e-01  0.000e+00     0.000000000000000e+00
        19    12     0        430  9.500e-01  6.000e-01  0.000e+00     0.000000000000000e+00
        19    13     0        431  9.500e-01  6.500e-01  0.000e+00     0.000000000000000e+00
        19    14     0        432  9.500e-01  7.000e-01  0.000e+00     0.000000000000000e+00
        19    15     0        433  9.500e-01  7.500e-01  0.000e+00     0.000000000000000e+00
        19    16     0        434  9.500e-01  8.000e-01  0.000e+00     0.000000000000000e+00
        19    17     0        435  9.500e-01  8.500e-01  0.000e+00     0.000000000000000e+00
        19    18     0        436  9.500e-01  9.000e-01  0.000e+00     0.000000000000000e+00
        19    19     0        437  9.500e-01  9.500e-01  0.000e+00     0.000000000000000e+00
