-1.188785654551361e-02
-2.383978141656593e-02
-1.188785654551361e-02
-2.383978141656593e-02
-1.188785654551361e-02
-2.383978141656593e-02
-1.188785654551361e-02
-2.383978141656593e-02
-1.188785654551361e-02
-2.383978141656593e-02
-1.647512693196024e-03
-2.383978141656593e-02
-1.647512693196024e-03
-2.383978141656593e-02
-1.647512693196024e-03
-2.383978141656593e-02
-1.647512693196024e-03
-2.383978141656593e-02
-1.647512693196024e-03
-2.383978141656593e-02
0.000000000000000e+00
-2.383978141656593e-02
0.000000000000000e+00
-2.383978141656593e-02
0.000000000000000e+00
-2.383978141656593e-02
0.000000000000000e+00
-2.383978141656593e-02
0.000000000000000e+00
-2.383978141656593e-02
0.000000000000000e+00
-2.383978141656593e-02
0.000000000000000e+00
-2.383978141656593e-02
0.000000000000000e+00
-2.383978141656593e-02
0.000000000000000e+00
-2.383978141656593e-02
0.000000000000000e+00
-2.383978141656593e-02
0.000000000000000e+00
-2.383978141656593e-02
0.000000000000000e+00
-2.383978141656593e-02
0.000000000000000e+00
-2.383978141656593e-02
0.000000000000000e+00
-2.383978141656593e-02
0.000000000000000e+00
-2.383978141656593e-02
-2.383978141656593e-02
-2.383978141656593e-02
-2.383978141656593e-02
-2.383978141656593e-02
-2.383978141656593e-02
-2.383978141656593e-02
-2.383978141656593e-02
-2.383978141656593e-02
-2.383978141656593e-02
-2.383978141656593e-02
-2.383978141656593e-02
-2.383978141656593e-02
-2.383978141656593e-02
-2.383978141656593e-02
-2.383978141656593e-02
-2.383978141656593e-02
-2.383978141656593e-02
-2.383978141656593e-02
-2.383978141656593e-02
-2.383978141656593e-02
-2.383978141656593e-02
-2.383978141656593e-02
-2.383978141656593e-02
-2.383978141656593e-02
-2.383978141656593e-02
-2.383978141656593e-02
-2.383978141656593e-02
-2.383978141656593e-02
-2.383978141656593e-02
-2.383978141656593e-02
-2.383978141656593e-02
-2.383978141656593e-02
-2.383978141656593e-02
-2.383978141656593e-02
-2.383978141656593e-02
-2.383978141656593e-02
-2.383978141656593e-02
-2.383978141656593e-02
-2.383978141656593e-02
-2.383978141656593e-02
-1.355353699905703e-02
-1.355353699905703e-02
-1.355353699905703e-02
-1.869665920781148e-02
-2.383978141656593e-02
-1.188785654551361e-02
-1.188785654551361e-02
-1.188785654551361e-02
-1.272069677228532e-02
-1.355353699905703e-02
-1.188785654551361e-02
-1.188785654551361e-02
-1.188785654551361e-02
-1.188785654551361e-02
-1.188785654551361e-02
-1.188785654551361e-02
-1.188785654551361e-02
-1.188785654551361e-02
-1.188785654551361e-02
-1.188785654551361e-02
-1.188785654551361e-02
-1.188785654551361e-02
-1.188785654551361e-02
-1.188785654551361e-02
-1.188785654551361e-02
-1.647512693196024e-03
-1.647512693196024e-03
-1.647512693196024e-03
-6.767684619354819e-03
-1.188785654551361e-02
0.000000000000000e+00
0.000000000000000e+00
0.000000000000000e+00
-8.237563465980119e-04
-1.647512693196024e-03
-2.383978141656593e-02
-2.383978141656593e-02
-2.383978141656593e-02
-2.383978141656593e-02
-2.383978141656593e-02
-2.383978141656593e-02
-2.383978141656593e-02
-2.383978141656593e-02
-2.383978141656593e-02
-2.383978141656593e-02
-2.383978141656593e-02
-2.383978141656593e-02
-2.383978141656593e-02
-2.383978141656593e-02
-2.383978141656593e-02
-2.383978141656593e-02
-2.383978141656593e-02
-2.383978141656593e-02
-2.383978141656593e-02
-2.383978141656593e-02
-2.383978141656593e-02
-2.383978141656593e-02
-2.383978141656593e-02
-2.383978141656593e-02
-2.383978141656593e-02
