-6.533958785648036e-03
-1.328290549551065e-02
-6.533958785648036e-03
-1.328290549551065e-02
-6.533958785648036e-03
-1.328290549551065e-02
-6.533958785648036e-03
-1.328290549551065e-02
-6.533958785648036e-03
-1.328290549551065e-02
-7.854992599959923e-04
-1.328290549551065e-02
-7.854992599959923e-04
-1.328290549551065e-02
-7.854992599959923e-04
-1.328290549551065e-02
-7.854992599959923e-04
-1.328290549551065e-02
-7.854992599959923e-04
-1.328290549551065e-02
0.000000000000000e+00
-1.328290549551065e-02
0.000000000000000e+00
-1.328290549551065e-02
0.000000000000000e+00
-1.328290549551065e-02
0.000000000000000e+00
-1.328290549551065e-02
0.000000000000000e+00
-1.328290549551065e-02
0.000000000000000e+00
-1.328290549551065e-02
0.000000000000000e+00
-1.328290549551065e-02
0.000000000000000e+00
-1.328290549551065e-02
0.000000000000000e+00
-1.328290549551065e-02
0.000000000000000e+00
-1.328290549551065e-02
0.000000000000000e+00
-1.328290549551065e-02
0.000000000000000e+00
-1.328290549551065e-02
0.000000000000000e+00
-1.328290549551065e-02
0.000000000000000e+00
-1.328290549551065e-02
0.000000000000000e+00
-1.328290549551065e-02
-1.328290549551065e-02
-1.328290549551065e-02
-1.328290549551065e-02
-1.328290549551065e-02
-1.328290549551065e-02
-1.328290549551065e-02
-1.328290549551065e-02
-1.328290549551065e-02
-1.328290549551065e-02
-1.328290549551065e-02
-1.328290549551065e-02
-1.328290549551065e-02
-1.328290549551065e-02
-1.328290549551065e-02
-1.328290549551065e-02
-1.328290549551065e-02
-1.328290549551065e-02
-1.328290549551065e-02
-1.328290549551065e-02
-1.328290549551065e-02
-1.328290549551065e-02
-1.328290549551065e-02
-1.328290549551065e-02
-1.328290549551065e-02
-1.328290549551065e-02
-1.328290549551065e-02
-1.328290549551065e-02
-1.328290549551065e-02
-1.328290549551065e-02
-1.328290549551065e-02
-1.328290549551065e-02
-1.328290549551065e-02
-1.328290549551065e-02
-1.328290549551065e-02
-1.328290549551065e-02
-1.328290549551065e-02
-1.328290549551065e-02
-1.328290549551065e-02
-1.328290549551065e-02
-1.328290549551065e-02
-7.608509071713371e-03
-7.608509071713371e-03
-7.608509071713371e-03
-1.044570728361201e-02
-1.328290549551065e-02
-6.533958785648036e-03
-6.533958785648036e-03
-6.533958785648036e-03
-7.071233928680703e-03
-7.608509071713371e-03
-6.533958785648036e-03
-6.533958785648036e-03
-6.533958785648036e-03
-6.533958785648036e-03
-6.533958785648036e-03
-6.533958785648036e-03
-6.533958785648036e-03
-6.533958785648036e-03
-6.533958785648036e-03
-6.533958785648036e-03
-6.533958785648036e-03
-6.533958785648036e-03
-6.533958785648036e-03
-6.533958785648036e-03
-6.533958785648036e-03
-7.854992599959923e-04
-7.854992599959923e-04
-7.854992599959923e-04
-3.659729022822014e-03
-6.533958785648036e-03
0.000000000000000e+00
0.000000000000000e+00
0.000000000000000e+00
-3.927496299979962e-04
-7.854992599959923e-04
-1.328290549551065e-02
-1.328290549551065e-02
-1.328290549551065e-02
-1.328290549551065e-02
-1.328290549551065e-02
-1.328290549551065e-02
-1.328290549551065e-02
-1.328290549551065e-02
-1.328290549551065e-02
-1.328290549551065e-02
-1.328290549551065e-02
-1.328290549551065e-02
-1.328290549551065e-02
-1.328290549551065e-02
-1.328290549551065e-02
-1.328290549551065e-02
-1.328290549551065e-02
-1.328290549551065e-02
-1.328290549551065e-02
-1.328290549551065e-02
-1.328290549551065e-02
-1.328290549551065e-02
-1.328290549551065e-02
-1.328290549551065e-02
-1.328290549551065e-02
