9,11c9,11
<          0     8     0          8  0.000e+00  4.000e-01  0.000e+00     0.000000000000000e+00 
<          0     9     0          9  0.000e+00  4.500e-01  0.000e+00     0.000000000000000e+00 
<          0    10     0         10  0.000e+00  5.000e-01  0.000e+00     0.000000000000000e+00 
---
>          0     8     0          8  0.000e+00  4.000e-01  0.000e+00    -1.653621824031582e-03 
>          0     9     0          9  0.000e+00  4.500e-01  0.000e+00    -9.046960194962116e-03 
>          0    10     0         10  0.000e+00  5.000e-01  0.000e+00    -1.556941263994763e-03 
29,31c29,31
<          1     8     0         30  5.000e-02  4.000e-01  0.000e+00    -4.505139966926560e-05 
<          1     9     0         31  5.000e-02  4.500e-01  0.000e+00    -4.490551421108573e-05 
<          1    10     0         32  5.000e-02  5.000e-01  0.000e+00     0.000000000000000e+00 
---
>          1     8     0         30  5.000e-02  4.000e-01  0.000e+00    -1.530057513847083e-03 
>          1     9     0         31  5.000e-02  4.500e-01  0.000e+00    -1.028637302569173e-02 
>          1    10     0         32  5.000e-02  5.000e-01  0.000e+00    -1.870689403809040e-03 
