29,31c29,31
<          1     8     0         30  5.000e-02  4.000e-01  0.000e+00    -5.049972229693000e-04 
<          1     9     0         31  5.000e-02  4.500e-01  0.000e+00    -5.354871069409723e-03 
<          1    10     0         32  5.000e-02  5.000e-01  0.000e+00    -7.428249980132837e-03 
---
>          1     8     0         30  5.000e-02  4.000e-01  0.000e+00    -1.262899630323572e-03 
>          1     9     0         31  5.000e-02  4.500e-01  0.000e+00    -1.003491952665104e-02 
>          1    10     0         32  5.000e-02  5.000e-01  0.000e+00    -8.236243630345811e-03 
49,51c49,51
<          2     8     0         52  1.000e-01  4.000e-01  0.000e+00     0.000000000000000e+00 
<          2     9     0         53  1.000e-01  4.500e-01  0.000e+00     0.000000000000000e+00 
<          2    10     0         54  1.000e-01  5.000e-01  0.000e+00     0.000000000000000e+00 
---
>          2     8     0         52  1.000e-01  4.000e-01  0.000e+00    -1.063687301042184e-03 
>          2     9     0         53  1.000e-01  4.500e-01  0.000e+00    -5.493674168586830e-03 
>          2    10     0         54  1.000e-01  5.000e-01  0.000e+00    -1.243245254567061e-03 
