9,11c9,11
<          0     8     0          8  0.000e+00  4.000e-01  0.000e+00     0.000000000000000e+00 
<          0     9     0          9  0.000e+00  4.500e-01  0.000e+00     0.000000000000000e+00 
<          0    10     0         10  0.000e+00  5.000e-01  0.000e+00     0.000000000000000e+00 
---
>          0     8     0          8  0.000e+00  4.000e-01  0.000e+00    -9.041324984370126e-04 
>          0     9     0          9  0.000e+00  4.500e-01  0.000e+00    -5.020411274004218e-03 
>          0    10     0         10  0.000e+00  5.000e-01  0.000e+00    -6.938544276226849e-04 
29,31c29,31
<          1     8     0         30  5.000e-02  4.000e-01  0.000e+00     0.000000000000000e+00 
<          1     9     0         31  5.000e-02  4.500e-01  0.000e+00     0.000000000000000e+00 
<          1    10     0         32  5.000e-02  5.000e-01  0.000e+00     0.000000000000000e+00 
---
>          1     8     0         30  5.000e-02  4.000e-01  0.000e+00    -5.049972229693000e-04 
>          1     9     0         31  5.000e-02  4.500e-01  0.000e+00    -4.408140426202804e-03 
>          1    10     0         32  5.000e-02  5.000e-01  0.000e+00    -8.589924452621643e-04 
9,11c9,11
<          0     8     0          8  0.000e+00  4.000e-01  0.000e+00     0.000000000000000e+00 
<          0     9     0          9  0.000e+00  4.500e-01  0.000e+00     0.000000000000000e+00 
<          0    10     0         10  0.000e+00  5.000e-01  0.000e+00     0.000000000000000e+00 
---
>          0     8     0          8  0.000e+00  4.000e-01  0.000e+00    -7.494893255945699e-04 
>          0     9     0          9  0.000e+00  4.500e-01  0.000e+00    -4.026548920957886e-03 
>          0    10     0         10  0.000e+00  5.000e-01  0.000e+00    -8.630868363720768e-04 
29,31c29,31
<          1     8     0         30  5.000e-02  4.000e-01  0.000e+00    -4.505139966926560e-05 
<          1     9     0         31  5.000e-02  4.500e-01  0.000e+00    -4.490551421108573e-05 
<          1    10     0         32  5.000e-02  5.000e-01  0.000e+00     0.000000000000000e+00 
---
>          1     8     0         30  5.000e-02  4.000e-01  0.000e+00    -1.025060290877782e-03 
>          1     9     0         31  5.000e-02  4.500e-01  0.000e+00    -5.878232599488924e-03 
>          1    10     0         32  5.000e-02  5.000e-01  0.000e+00    -1.011696958546875e-03 
