        0.00000         0.00000    -5.66819e-01 
        0.00000         0.00625    -5.66819e-01 
        0.00000         0.01250     0.00000e+00 
        0.00000         0.01875     0.00000e+00 
        0.00000         0.02500     0.00000e+00 
        0.00000         0.03125     0.00000e+00 
        0.00000         0.03750     0.00000e+00 
        0.00000         0.04375     0.00000e+00 

        0.00571         0.00000    -5.66819e-01 
        0.00571         0.00625    -5.66819e-01 
        0.00571         0.01250     0.00000e+00 
        0.00571         0.01875     0.00000e+00 
        0.00571         0.02500     0.00000e+00 
        0.00571         0.03125     0.00000e+00 
        0.00571         0.03750     0.00000e+00 
        0.00571         0.04375     0.00000e+00 

        0.01142         0.00000     0.00000e+00 
        0.01142         0.00625     0.00000e+00 
        0.01142         0.01250     0.00000e+00 
        0.01142         0.01875     0.00000e+00 
        0.01142         0.02500     0.00000e+00 
        0.01142         0.03125     0.00000e+00 
        0.01142         0.03750     0.00000e+00 
        0.01142         0.04375     0.00000e+00 

        0.01714         0.00000     0.00000e+00 
        0.01714         0.00625     0.00000e+00 
        0.01714         0.01250     0.00000e+00 
        0.01714         0.01875     0.00000e+00 
        0.01714         0.02500     0.00000e+00 
        0.01714         0.03125     0.00000e+00 
        0.01714         0.03750     0.00000e+00 
        0.01714         0.04375     0.00000e+00 

        0.02285         0.00000     0.00000e+00 
        0.02285         0.00625     0.00000e+00 
        0.02285         0.01250     0.00000e+00 
        0.02285         0.01875     0.00000e+00 
        0.02285         0.02500     0.00000e+00 
        0.02285         0.03125     0.00000e+00 
        0.02285         0.03750     0.00000e+00 
        0.02285         0.04375     0.00000e+00 

        0.02856         0.00000     0.00000e+00 
        0.02856         0.00625     0.00000e+00 
        0.02856         0.01250     0.00000e+00 
        0.02856         0.01875     0.00000e+00 
        0.02856         0.02500     0.00000e+00 
        0.02856         0.03125     0.00000e+00 
        0.02856         0.03750     0.00000e+00 
        0.02856         0.04375     0.00000e+00 

        0.03427         0.00000     0.00000e+00 
        0.03427         0.00625     0.00000e+00 
        0.03427         0.01250     0.00000e+00 
        0.03427         0.01875     0.00000e+00 
        0.03427         0.02500     0.00000e+00 
        0.03427         0.03125     0.00000e+00 
        0.03427         0.03750     0.00000e+00 
        0.03427         0.04375     0.00000e+00 

        0.03998         0.00000     0.00000e+00 
        0.03998         0.00625     0.00000e+00 
        0.03998         0.01250     0.00000e+00 
        0.03998         0.01875     0.00000e+00 
        0.03998         0.02500     0.00000e+00 
        0.03998         0.03125     0.00000e+00 
        0.03998         0.03750     0.00000e+00 
        0.03998         0.04375     0.00000e+00 

        0.04570         0.00000     0.00000e+00 
        0.04570         0.00625     0.00000e+00 
        0.04570         0.01250     0.00000e+00 
        0.04570         0.01875     0.00000e+00 
        0.04570         0.02500     0.00000e+00 
        0.04570         0.03125     0.00000e+00 
        0.04570         0.03750     0.00000e+00 
        0.04570         0.04375     0.00000e+00 

        0.05141         0.00000     0.00000e+00 
        0.05141         0.00625     0.00000e+00 
        0.05141         0.01250     0.00000e+00 
        0.05141         0.01875     0.00000e+00 
        0.05141         0.02500     0.00000e+00 
        0.05141         0.03125     0.00000e+00 
        0.05141         0.03750     0.00000e+00 
        0.05141         0.04375     0.00000e+00 

        0.05712         0.00000     0.00000e+00 
        0.05712         0.00625     0.00000e+00 
        0.05712         0.01250     0.00000e+00 
        0.05712         0.01875     0.00000e+00 
        0.05712         0.02500     0.00000e+00 
        0.05712         0.03125     0.00000e+00 
        0.05712         0.03750     0.00000e+00 
        0.05712         0.04375     0.00000e+00 

        0.06283         0.00000     0.00000e+00 
        0.06283         0.00625     0.00000e+00 
        0.06283         0.01250     0.00000e+00 
        0.06283         0.01875     0.00000e+00 
        0.06283         0.02500     0.00000e+00 
        0.06283         0.03125     0.00000e+00 
        0.06283         0.03750     0.00000e+00 
        0.06283         0.04375     0.00000e+00 

        0.06854         0.00000     0.00000e+00 
        0.06854         0.00625     0.00000e+00 
        0.06854         0.01250     0.00000e+00 
        0.06854         0.01875     0.00000e+00 
        0.06854         0.02500     0.00000e+00 
        0.06854         0.03125     0.00000e+00 
        0.06854         0.03750     0.00000e+00 
        0.06854         0.04375     0.00000e+00 

        0.07426         0.00000     0.00000e+00 
        0.07426         0.00625     0.00000e+00 
        0.07426         0.01250     0.00000e+00 
        0.07426         0.01875     0.00000e+00 
        0.07426         0.02500     0.00000e+00 
        0.07426         0.03125     0.00000e+00 
        0.07426         0.03750     0.00000e+00 
        0.07426         0.04375     0.00000e+00 

        0.07997         0.00000     0.00000e+00 
        0.07997         0.00625     0.00000e+00 
        0.07997         0.01250     0.00000e+00 
        0.07997         0.01875     0.00000e+00 
        0.07997         0.02500     0.00000e+00 
        0.07997         0.03125     0.00000e+00 
        0.07997         0.03750     0.00000e+00 
        0.07997         0.04375     0.00000e+00 

        0.08568         0.00000     0.00000e+00 
        0.08568         0.00625     0.00000e+00 
        0.08568         0.01250     0.00000e+00 
        0.08568         0.01875     0.00000e+00 
        0.08568         0.02500     0.00000e+00 
        0.08568         0.03125     0.00000e+00 
        0.08568         0.03750     0.00000e+00 
        0.08568         0.04375     0.00000e+00 

        0.09139         0.00000     0.00000e+00 
        0.09139         0.00625     0.00000e+00 
        0.09139         0.01250     0.00000e+00 
        0.09139         0.01875     0.00000e+00 
        0.09139         0.02500     0.00000e+00 
        0.09139         0.03125     0.00000e+00 
        0.09139         0.03750     0.00000e+00 
        0.09139         0.04375     0.00000e+00 

        0.09710         0.00000     0.00000e+00 
        0.09710         0.00625     0.00000e+00 
        0.09710         0.01250     0.00000e+00 
        0.09710         0.01875     0.00000e+00 
        0.09710         0.02500     0.00000e+00 
        0.09710         0.03125     0.00000e+00 
        0.09710         0.03750     0.00000e+00 
        0.09710         0.04375     0.00000e+00 

        0.10282         0.00000     0.00000e+00 
        0.10282         0.00625     0.00000e+00 
        0.10282         0.01250     0.00000e+00 
        0.10282         0.01875     0.00000e+00 
        0.10282         0.02500     0.00000e+00 
        0.10282         0.03125     0.00000e+00 
        0.10282         0.03750     0.00000e+00 
        0.10282         0.04375     0.00000e+00 

        0.10853         0.00000     0.00000e+00 
        0.10853         0.00625     0.00000e+00 
        0.10853         0.01250     0.00000e+00 
        0.10853         0.01875     0.00000e+00 
        0.10853         0.02500     0.00000e+00 
        0.10853         0.03125     0.00000e+00 
        0.10853         0.03750     0.00000e+00 
        0.10853         0.04375     0.00000e+00 

        0.11424         0.00000     0.00000e+00 
        0.11424         0.00625     0.00000e+00 
        0.11424         0.01250     0.00000e+00 
        0.11424         0.01875     0.00000e+00 
        0.11424         0.02500     0.00000e+00 
        0.11424         0.03125     0.00000e+00 
        0.11424         0.03750     0.00000e+00 
        0.11424         0.04375     0.00000e+00 

        0.11995         0.00000     0.00000e+00 
        0.11995         0.00625     0.00000e+00 
        0.11995         0.01250     0.00000e+00 
        0.11995         0.01875     0.00000e+00 
        0.11995         0.02500     0.00000e+00 
        0.11995         0.03125     0.00000e+00 
        0.11995         0.03750     0.00000e+00 
        0.11995         0.04375     0.00000e+00 

        0.12566         0.00000     0.00000e+00 
        0.12566         0.00625     0.00000e+00 
        0.12566         0.01250     0.00000e+00 
        0.12566         0.01875     0.00000e+00 
        0.12566         0.02500     0.00000e+00 
        0.12566         0.03125     0.00000e+00 
        0.12566         0.03750     0.00000e+00 
        0.12566         0.04375     0.00000e+00 

        0.13138         0.00000     0.00000e+00 
        0.13138         0.00625     0.00000e+00 
        0.13138         0.01250     0.00000e+00 
        0.13138         0.01875     0.00000e+00 
        0.13138         0.02500     0.00000e+00 
        0.13138         0.03125     0.00000e+00 
        0.13138         0.03750     0.00000e+00 
        0.13138         0.04375     0.00000e+00 

        0.13709         0.00000     0.00000e+00 
        0.13709         0.00625     0.00000e+00 
        0.13709         0.01250     0.00000e+00 
        0.13709         0.01875     0.00000e+00 
        0.13709         0.02500     0.00000e+00 
        0.13709         0.03125     0.00000e+00 
        0.13709         0.03750     0.00000e+00 
        0.13709         0.04375     0.00000e+00 

        0.14280         0.00000     0.00000e+00 
        0.14280         0.00625     0.00000e+00 
        0.14280         0.01250     0.00000e+00 
        0.14280         0.01875     0.00000e+00 
        0.14280         0.02500     0.00000e+00 
        0.14280         0.03125     0.00000e+00 
        0.14280         0.03750     0.00000e+00 
        0.14280         0.04375     0.00000e+00 

        0.14851         0.00000     0.00000e+00 
        0.14851         0.00625     0.00000e+00 
        0.14851         0.01250     0.00000e+00 
        0.14851         0.01875     0.00000e+00 
        0.14851         0.02500     0.00000e+00 
        0.14851         0.03125     0.00000e+00 
        0.14851         0.03750     0.00000e+00 
        0.14851         0.04375     0.00000e+00 

        0.15422         0.00000     0.00000e+00 
        0.15422         0.00625     0.00000e+00 
        0.15422         0.01250     0.00000e+00 
        0.15422         0.01875     0.00000e+00 
        0.15422         0.02500     0.00000e+00 
        0.15422         0.03125     0.00000e+00 
        0.15422         0.03750     0.00000e+00 
        0.15422         0.04375     0.00000e+00 

        0.15994         0.00000     0.00000e+00 
        0.15994         0.00625     0.00000e+00 
        0.15994         0.01250     0.00000e+00 
        0.15994         0.01875     0.00000e+00 
        0.15994         0.02500     0.00000e+00 
        0.15994         0.03125     0.00000e+00 
        0.15994         0.03750     0.00000e+00 
        0.15994         0.04375     0.00000e+00 

        0.16565         0.00000     0.00000e+00 
        0.16565         0.00625     0.00000e+00 
        0.16565         0.01250     0.00000e+00 
        0.16565         0.01875     0.00000e+00 
        0.16565         0.02500     0.00000e+00 
        0.16565         0.03125     0.00000e+00 
        0.16565         0.03750     0.00000e+00 
        0.16565         0.04375     0.00000e+00 

        0.17136         0.00000     0.00000e+00 
        0.17136         0.00625     0.00000e+00 
        0.17136         0.01250     0.00000e+00 
        0.17136         0.01875     0.00000e+00 
        0.17136         0.02500     0.00000e+00 
        0.17136         0.03125     0.00000e+00 
        0.17136         0.03750     0.00000e+00 
        0.17136         0.04375     0.00000e+00 

        0.17707         0.00000     0.00000e+00 
        0.17707         0.00625     0.00000e+00 
        0.17707         0.01250     0.00000e+00 
        0.17707         0.01875     0.00000e+00 
        0.17707         0.02500     0.00000e+00 
        0.17707         0.03125     0.00000e+00 
        0.17707         0.03750     0.00000e+00 
        0.17707         0.04375     0.00000e+00 

        0.18278         0.00000     0.00000e+00 
        0.18278         0.00625     0.00000e+00 
        0.18278         0.01250     0.00000e+00 
        0.18278         0.01875     0.00000e+00 
        0.18278         0.02500     0.00000e+00 
        0.18278         0.03125     0.00000e+00 
        0.18278         0.03750     0.00000e+00 
        0.18278         0.04375     0.00000e+00 

        0.18850         0.00000     0.00000e+00 
        0.18850         0.00625     0.00000e+00 
        0.18850         0.01250     0.00000e+00 
        0.18850         0.01875     0.00000e+00 
        0.18850         0.02500     0.00000e+00 
        0.18850         0.03125     0.00000e+00 
        0.18850         0.03750     0.00000e+00 
        0.18850         0.04375     0.00000e+00 

        0.19421         0.00000     0.00000e+00 
        0.19421         0.00625     0.00000e+00 
        0.19421         0.01250     0.00000e+00 
        0.19421         0.01875     0.00000e+00 
        0.19421         0.02500     0.00000e+00 
        0.19421         0.03125     0.00000e+00 
        0.19421         0.03750     0.00000e+00 
        0.19421         0.04375     0.00000e+00 

        0.19992         0.00000     0.00000e+00 
        0.19992         0.00625     0.00000e+00 
        0.19992         0.01250     0.00000e+00 
        0.19992         0.01875     0.00000e+00 
        0.19992         0.02500     0.00000e+00 
        0.19992         0.03125     0.00000e+00 
        0.19992         0.03750     0.00000e+00 
        0.19992         0.04375     0.00000e+00 

        0.20563         0.00000     0.00000e+00 
        0.20563         0.00625     0.00000e+00 
        0.20563         0.01250     0.00000e+00 
        0.20563         0.01875     0.00000e+00 
        0.20563         0.02500     0.00000e+00 
        0.20563         0.03125     0.00000e+00 
        0.20563         0.03750     0.00000e+00 
        0.20563         0.04375     0.00000e+00 

        0.21134         0.00000     0.00000e+00 
        0.21134         0.00625     0.00000e+00 
        0.21134         0.01250     0.00000e+00 
        0.21134         0.01875     0.00000e+00 
        0.21134         0.02500     0.00000e+00 
        0.21134         0.03125     0.00000e+00 
        0.21134         0.03750     0.00000e+00 
        0.21134         0.04375     0.00000e+00 

        0.21706         0.00000     0.00000e+00 
        0.21706         0.00625     0.00000e+00 
        0.21706         0.01250     0.00000e+00 
        0.21706         0.01875     0.00000e+00 
        0.21706         0.02500     0.00000e+00 
        0.21706         0.03125     0.00000e+00 
        0.21706         0.03750     0.00000e+00 
        0.21706         0.04375     0.00000e+00 

        0.22277         0.00000     0.00000e+00 
        0.22277         0.00625     0.00000e+00 
        0.22277         0.01250     0.00000e+00 
        0.22277         0.01875     0.00000e+00 
        0.22277         0.02500     0.00000e+00 
        0.22277         0.03125     0.00000e+00 
        0.22277         0.03750     0.00000e+00 
        0.22277         0.04375     0.00000e+00 

        0.22848         0.00000     0.00000e+00 
        0.22848         0.00625     0.00000e+00 
        0.22848         0.01250     0.00000e+00 
        0.22848         0.01875     0.00000e+00 
        0.22848         0.02500     0.00000e+00 
        0.22848         0.03125     0.00000e+00 
        0.22848         0.03750     0.00000e+00 
        0.22848         0.04375     0.00000e+00 

        0.23419         0.00000     0.00000e+00 
        0.23419         0.00625     0.00000e+00 
        0.23419         0.01250     0.00000e+00 
        0.23419         0.01875     0.00000e+00 
        0.23419         0.02500     0.00000e+00 
        0.23419         0.03125     0.00000e+00 
        0.23419         0.03750     0.00000e+00 
        0.23419         0.04375     0.00000e+00 

        0.23990         0.00000     0.00000e+00 
        0.23990         0.00625     0.00000e+00 
        0.23990         0.01250     0.00000e+00 
        0.23990         0.01875     0.00000e+00 
        0.23990         0.02500     0.00000e+00 
        0.23990         0.03125     0.00000e+00 
        0.23990         0.03750     0.00000e+00 
        0.23990         0.04375     0.00000e+00 

        0.24562         0.00000     0.00000e+00 
        0.24562         0.00625     0.00000e+00 
        0.24562         0.01250     0.00000e+00 
        0.24562         0.01875     0.00000e+00 
        0.24562         0.02500     0.00000e+00 
        0.24562         0.03125     0.00000e+00 
        0.24562         0.03750     0.00000e+00 
        0.24562         0.04375     0.00000e+00 

        0.25133         0.00000     0.00000e+00 
        0.25133         0.00625     0.00000e+00 
        0.25133         0.01250     0.00000e+00 
        0.25133         0.01875     0.00000e+00 
        0.25133         0.02500     0.00000e+00 
        0.25133         0.03125     0.00000e+00 
        0.25133         0.03750     0.00000e+00 
        0.25133         0.04375     0.00000e+00 

        0.25704         0.00000     0.00000e+00 
        0.25704         0.00625     0.00000e+00 
        0.25704         0.01250     0.00000e+00 
        0.25704         0.01875     0.00000e+00 
        0.25704         0.02500     0.00000e+00 
        0.25704         0.03125     0.00000e+00 
        0.25704         0.03750     0.00000e+00 
        0.25704         0.04375     0.00000e+00 

        0.26275         0.00000     0.00000e+00 
        0.26275         0.00625     0.00000e+00 
        0.26275         0.01250     0.00000e+00 
        0.26275         0.01875     0.00000e+00 
        0.26275         0.02500     0.00000e+00 
        0.26275         0.03125     0.00000e+00 
        0.26275         0.03750     0.00000e+00 
        0.26275         0.04375     0.00000e+00 

        0.26846         0.00000     0.00000e+00 
        0.26846         0.00625     0.00000e+00 
        0.26846         0.01250     0.00000e+00 
        0.26846         0.01875     0.00000e+00 
        0.26846         0.02500     0.00000e+00 
        0.26846         0.03125     0.00000e+00 
        0.26846         0.03750     0.00000e+00 
        0.26846         0.04375     0.00000e+00 

        0.27418         0.00000     0.00000e+00 
        0.27418         0.00625     0.00000e+00 
        0.27418         0.01250     0.00000e+00 
        0.27418         0.01875     0.00000e+00 
        0.27418         0.02500     0.00000e+00 
        0.27418         0.03125     0.00000e+00 
        0.27418         0.03750     0.00000e+00 
        0.27418         0.04375     0.00000e+00 

        0.27989         0.00000     0.00000e+00 
        0.27989         0.00625     0.00000e+00 
        0.27989         0.01250     0.00000e+00 
        0.27989         0.01875     0.00000e+00 
        0.27989         0.02500     0.00000e+00 
        0.27989         0.03125     0.00000e+00 
        0.27989         0.03750     0.00000e+00 
        0.27989         0.04375     0.00000e+00 

        0.28560         0.00000     0.00000e+00 
        0.28560         0.00625     0.00000e+00 
        0.28560         0.01250     0.00000e+00 
        0.28560         0.01875     0.00000e+00 
        0.28560         0.02500     0.00000e+00 
        0.28560         0.03125     0.00000e+00 
        0.28560         0.03750     0.00000e+00 
        0.28560         0.04375     0.00000e+00 

        0.29131         0.00000     0.00000e+00 
        0.29131         0.00625     0.00000e+00 
        0.29131         0.01250     0.00000e+00 
        0.29131         0.01875     0.00000e+00 
        0.29131         0.02500     0.00000e+00 
        0.29131         0.03125     0.00000e+00 
        0.29131         0.03750     0.00000e+00 
        0.29131         0.04375     0.00000e+00 

        0.29702         0.00000     0.00000e+00 
        0.29702         0.00625     0.00000e+00 
        0.29702         0.01250     0.00000e+00 
        0.29702         0.01875     0.00000e+00 
        0.29702         0.02500     0.00000e+00 
        0.29702         0.03125     0.00000e+00 
        0.29702         0.03750     0.00000e+00 
        0.29702         0.04375     0.00000e+00 

        0.30274         0.00000     0.00000e+00 
        0.30274         0.00625     0.00000e+00 
        0.30274         0.01250     0.00000e+00 
        0.30274         0.01875     0.00000e+00 
        0.30274         0.02500     0.00000e+00 
        0.30274         0.03125     0.00000e+00 
        0.30274         0.03750     0.00000e+00 
        0.30274         0.04375     0.00000e+00 

        0.30845         0.00000     0.00000e+00 
        0.30845         0.00625     0.00000e+00 
        0.30845         0.01250     0.00000e+00 
        0.30845         0.01875     0.00000e+00 
        0.30845         0.02500     0.00000e+00 
        0.30845         0.03125     0.00000e+00 
        0.30845         0.03750     0.00000e+00 
        0.30845         0.04375     0.00000e+00 

        0.31416         0.00000     0.00000e+00 
        0.31416         0.00625     0.00000e+00 
        0.31416         0.01250     0.00000e+00 
        0.31416         0.01875     0.00000e+00 
        0.31416         0.02500     0.00000e+00 
        0.31416         0.03125     0.00000e+00 
        0.31416         0.03750     0.00000e+00 
        0.31416         0.04375     0.00000e+00 

        0.31987         0.00000     0.00000e+00 
        0.31987         0.00625     0.00000e+00 
        0.31987         0.01250     0.00000e+00 
        0.31987         0.01875     0.00000e+00 
        0.31987         0.02500     0.00000e+00 
        0.31987         0.03125     0.00000e+00 
        0.31987         0.03750     0.00000e+00 
        0.31987         0.04375     0.00000e+00 

        0.32558         0.00000     0.00000e+00 
        0.32558         0.00625     0.00000e+00 
        0.32558         0.01250     0.00000e+00 
        0.32558         0.01875     0.00000e+00 
        0.32558         0.02500     0.00000e+00 
        0.32558         0.03125     0.00000e+00 
        0.32558         0.03750     0.00000e+00 
        0.32558         0.04375     0.00000e+00 

        0.33130         0.00000     0.00000e+00 
        0.33130         0.00625     0.00000e+00 
        0.33130         0.01250     0.00000e+00 
        0.33130         0.01875     0.00000e+00 
        0.33130         0.02500     0.00000e+00 
        0.33130         0.03125     0.00000e+00 
        0.33130         0.03750     0.00000e+00 
        0.33130         0.04375     0.00000e+00 

        0.33701         0.00000     0.00000e+00 
        0.33701         0.00625     0.00000e+00 
        0.33701         0.01250     0.00000e+00 
        0.33701         0.01875     0.00000e+00 
        0.33701         0.02500     0.00000e+00 
        0.33701         0.03125     0.00000e+00 
        0.33701         0.03750     0.00000e+00 
        0.33701         0.04375     0.00000e+00 

        0.34272         0.00000     0.00000e+00 
        0.34272         0.00625     0.00000e+00 
        0.34272         0.01250     0.00000e+00 
        0.34272         0.01875     0.00000e+00 
        0.34272         0.02500     0.00000e+00 
        0.34272         0.03125     0.00000e+00 
        0.34272         0.03750     0.00000e+00 
        0.34272         0.04375     0.00000e+00 

        0.34843         0.00000     0.00000e+00 
        0.34843         0.00625     0.00000e+00 
        0.34843         0.01250     0.00000e+00 
        0.34843         0.01875     0.00000e+00 
        0.34843         0.02500     0.00000e+00 
        0.34843         0.03125     0.00000e+00 
        0.34843         0.03750     0.00000e+00 
        0.34843         0.04375     0.00000e+00 

        0.35414         0.00000     0.00000e+00 
        0.35414         0.00625     0.00000e+00 
        0.35414         0.01250     0.00000e+00 
        0.35414         0.01875     0.00000e+00 
        0.35414         0.02500     0.00000e+00 
        0.35414         0.03125     0.00000e+00 
        0.35414         0.03750     0.00000e+00 
        0.35414         0.04375     0.00000e+00 

        0.35986         0.00000     0.00000e+00 
        0.35986         0.00625     0.00000e+00 
        0.35986         0.01250     0.00000e+00 
        0.35986         0.01875     0.00000e+00 
        0.35986         0.02500     0.00000e+00 
        0.35986         0.03125     0.00000e+00 
        0.35986         0.03750     0.00000e+00 
        0.35986         0.04375     0.00000e+00 

        0.36557         0.00000     0.00000e+00 
        0.36557         0.00625     0.00000e+00 
        0.36557         0.01250     0.00000e+00 
        0.36557         0.01875     0.00000e+00 
        0.36557         0.02500     0.00000e+00 
        0.36557         0.03125     0.00000e+00 
        0.36557         0.03750     0.00000e+00 
        0.36557         0.04375     0.00000e+00 

        0.37128         0.00000     0.00000e+00 
        0.37128         0.00625     0.00000e+00 
        0.37128         0.01250     0.00000e+00 
        0.37128         0.01875     0.00000e+00 
        0.37128         0.02500     0.00000e+00 
        0.37128         0.03125     0.00000e+00 
        0.37128         0.03750     0.00000e+00 
        0.37128         0.04375     0.00000e+00 

        0.37699         0.00000     0.00000e+00 
        0.37699         0.00625     0.00000e+00 
        0.37699         0.01250     0.00000e+00 
        0.37699         0.01875     0.00000e+00 
        0.37699         0.02500     0.00000e+00 
        0.37699         0.03125     0.00000e+00 
        0.37699         0.03750     0.00000e+00 
        0.37699         0.04375     0.00000e+00 

        0.38270         0.00000     0.00000e+00 
        0.38270         0.00625     0.00000e+00 
        0.38270         0.01250     0.00000e+00 
        0.38270         0.01875     0.00000e+00 
        0.38270         0.02500     0.00000e+00 
        0.38270         0.03125     0.00000e+00 
        0.38270         0.03750     0.00000e+00 
        0.38270         0.04375     0.00000e+00 

        0.38842         0.00000     0.00000e+00 
        0.38842         0.00625     0.00000e+00 
        0.38842         0.01250     0.00000e+00 
        0.38842         0.01875     0.00000e+00 
        0.38842         0.02500     0.00000e+00 
        0.38842         0.03125     0.00000e+00 
        0.38842         0.03750     0.00000e+00 
        0.38842         0.04375     0.00000e+00 

        0.39413         0.00000     0.00000e+00 
        0.39413         0.00625     0.00000e+00 
        0.39413         0.01250     0.00000e+00 
        0.39413         0.01875     0.00000e+00 
        0.39413         0.02500     0.00000e+00 
        0.39413         0.03125     0.00000e+00 
        0.39413         0.03750     0.00000e+00 
        0.39413         0.04375     0.00000e+00 

        0.39984         0.00000     0.00000e+00 
        0.39984         0.00625     0.00000e+00 
        0.39984         0.01250     0.00000e+00 
        0.39984         0.01875     0.00000e+00 
        0.39984         0.02500     0.00000e+00 
        0.39984         0.03125     0.00000e+00 
        0.39984         0.03750     0.00000e+00 
        0.39984         0.04375     0.00000e+00 

        0.40555         0.00000     0.00000e+00 
        0.40555         0.00625     0.00000e+00 
        0.40555         0.01250     0.00000e+00 
        0.40555         0.01875     0.00000e+00 
        0.40555         0.02500     0.00000e+00 
        0.40555         0.03125     0.00000e+00 
        0.40555         0.03750     0.00000e+00 
        0.40555         0.04375     0.00000e+00 

        0.41126         0.00000     0.00000e+00 
        0.41126         0.00625     0.00000e+00 
        0.41126         0.01250     0.00000e+00 
        0.41126         0.01875     0.00000e+00 
        0.41126         0.02500     0.00000e+00 
        0.41126         0.03125     0.00000e+00 
        0.41126         0.03750     0.00000e+00 
        0.41126         0.04375     0.00000e+00 

        0.41698         0.00000     0.00000e+00 
        0.41698         0.00625     0.00000e+00 
        0.41698         0.01250     0.00000e+00 
        0.41698         0.01875     0.00000e+00 
        0.41698         0.02500     0.00000e+00 
        0.41698         0.03125     0.00000e+00 
        0.41698         0.03750     0.00000e+00 
        0.41698         0.04375     0.00000e+00 

        0.42269         0.00000     0.00000e+00 
        0.42269         0.00625     0.00000e+00 
        0.42269         0.01250     0.00000e+00 
        0.42269         0.01875     0.00000e+00 
        0.42269         0.02500     0.00000e+00 
        0.42269         0.03125     0.00000e+00 
        0.42269         0.03750     0.00000e+00 
        0.42269         0.04375     0.00000e+00 

        0.42840         0.00000     0.00000e+00 
        0.42840         0.00625     0.00000e+00 
        0.42840         0.01250     0.00000e+00 
        0.42840         0.01875     0.00000e+00 
        0.42840         0.02500     0.00000e+00 
        0.42840         0.03125     0.00000e+00 
        0.42840         0.03750     0.00000e+00 
        0.42840         0.04375     0.00000e+00 

        0.43411         0.00000     0.00000e+00 
        0.43411         0.00625     0.00000e+00 
        0.43411         0.01250     0.00000e+00 
        0.43411         0.01875     0.00000e+00 
        0.43411         0.02500     0.00000e+00 
        0.43411         0.03125     0.00000e+00 
        0.43411         0.03750     0.00000e+00 
        0.43411         0.04375     0.00000e+00 

        0.43982         0.00000     0.00000e+00 
        0.43982         0.00625     0.00000e+00 
        0.43982         0.01250     0.00000e+00 
        0.43982         0.01875     0.00000e+00 
        0.43982         0.02500     0.00000e+00 
        0.43982         0.03125     0.00000e+00 
        0.43982         0.03750     0.00000e+00 
        0.43982         0.04375     0.00000e+00 

        0.44554         0.00000     0.00000e+00 
        0.44554         0.00625     0.00000e+00 
        0.44554         0.01250     0.00000e+00 
        0.44554         0.01875     0.00000e+00 
        0.44554         0.02500     0.00000e+00 
        0.44554         0.03125     0.00000e+00 
        0.44554         0.03750     0.00000e+00 
        0.44554         0.04375     0.00000e+00 

        0.45125         0.00000     0.00000e+00 
        0.45125         0.00625     0.00000e+00 
        0.45125         0.01250     0.00000e+00 
        0.45125         0.01875     0.00000e+00 
        0.45125         0.02500     0.00000e+00 
        0.45125         0.03125     0.00000e+00 
        0.45125         0.03750     0.00000e+00 
        0.45125         0.04375     0.00000e+00 

        0.45696         0.00000     0.00000e+00 
        0.45696         0.00625     0.00000e+00 
        0.45696         0.01250     0.00000e+00 
        0.45696         0.01875     0.00000e+00 
        0.45696         0.02500     0.00000e+00 
        0.45696         0.03125     0.00000e+00 
        0.45696         0.03750     0.00000e+00 
        0.45696         0.04375     0.00000e+00 

        0.46267         0.00000     0.00000e+00 
        0.46267         0.00625     0.00000e+00 
        0.46267         0.01250     0.00000e+00 
        0.46267         0.01875     0.00000e+00 
        0.46267         0.02500     0.00000e+00 
        0.46267         0.03125     0.00000e+00 
        0.46267         0.03750     0.00000e+00 
        0.46267         0.04375     0.00000e+00 

        0.46838         0.00000     0.00000e+00 
        0.46838         0.00625     0.00000e+00 
        0.46838         0.01250     0.00000e+00 
        0.46838         0.01875     0.00000e+00 
        0.46838         0.02500     0.00000e+00 
        0.46838         0.03125     0.00000e+00 
        0.46838         0.03750     0.00000e+00 
        0.46838         0.04375     0.00000e+00 

        0.47410         0.00000     0.00000e+00 
        0.47410         0.00625     0.00000e+00 
        0.47410         0.01250     0.00000e+00 
        0.47410         0.01875     0.00000e+00 
        0.47410         0.02500     0.00000e+00 
        0.47410         0.03125     0.00000e+00 
        0.47410         0.03750     0.00000e+00 
        0.47410         0.04375     0.00000e+00 

        0.47981         0.00000     0.00000e+00 
        0.47981         0.00625     0.00000e+00 
        0.47981         0.01250     0.00000e+00 
        0.47981         0.01875     0.00000e+00 
        0.47981         0.02500     0.00000e+00 
        0.47981         0.03125     0.00000e+00 
        0.47981         0.03750     0.00000e+00 
        0.47981         0.04375     0.00000e+00 

        0.48552         0.00000     0.00000e+00 
        0.48552         0.00625     0.00000e+00 
        0.48552         0.01250     0.00000e+00 
        0.48552         0.01875     0.00000e+00 
        0.48552         0.02500     0.00000e+00 
        0.48552         0.03125     0.00000e+00 
        0.48552         0.03750     0.00000e+00 
        0.48552         0.04375     0.00000e+00 

        0.49123         0.00000     0.00000e+00 
        0.49123         0.00625     0.00000e+00 
        0.49123         0.01250     0.00000e+00 
        0.49123         0.01875     0.00000e+00 
        0.49123         0.02500     0.00000e+00 
        0.49123         0.03125     0.00000e+00 
        0.49123         0.03750     0.00000e+00 
        0.49123         0.04375     0.00000e+00 

        0.49694         0.00000     0.00000e+00 
        0.49694         0.00625     0.00000e+00 
        0.49694         0.01250     0.00000e+00 
        0.49694         0.01875     0.00000e+00 
        0.49694         0.02500     0.00000e+00 
        0.49694         0.03125     0.00000e+00 
        0.49694         0.03750     0.00000e+00 
        0.49694         0.04375     0.00000e+00 

        0.50266         0.00000     0.00000e+00 
        0.50266         0.00625     0.00000e+00 
        0.50266         0.01250     0.00000e+00 
        0.50266         0.01875     0.00000e+00 
        0.50266         0.02500     0.00000e+00 
        0.50266         0.03125     0.00000e+00 
        0.50266         0.03750     0.00000e+00 
        0.50266         0.04375     0.00000e+00 

        0.50837         0.00000     0.00000e+00 
        0.50837         0.00625     0.00000e+00 
        0.50837         0.01250     0.00000e+00 
        0.50837         0.01875     0.00000e+00 
        0.50837         0.02500     0.00000e+00 
        0.50837         0.03125     0.00000e+00 
        0.50837         0.03750     0.00000e+00 
        0.50837         0.04375     0.00000e+00 

        0.51408         0.00000     0.00000e+00 
        0.51408         0.00625     0.00000e+00 
        0.51408         0.01250     0.00000e+00 
        0.51408         0.01875     0.00000e+00 
        0.51408         0.02500     0.00000e+00 
        0.51408         0.03125     0.00000e+00 
        0.51408         0.03750     0.00000e+00 
        0.51408         0.04375     0.00000e+00 

        0.51979         0.00000     0.00000e+00 
        0.51979         0.00625     0.00000e+00 
        0.51979         0.01250     0.00000e+00 
        0.51979         0.01875     0.00000e+00 
        0.51979         0.02500     0.00000e+00 
        0.51979         0.03125     0.00000e+00 
        0.51979         0.03750     0.00000e+00 
        0.51979         0.04375     0.00000e+00 

        0.52550         0.00000     0.00000e+00 
        0.52550         0.00625     0.00000e+00 
        0.52550         0.01250     0.00000e+00 
        0.52550         0.01875     0.00000e+00 
        0.52550         0.02500     0.00000e+00 
        0.52550         0.03125     0.00000e+00 
        0.52550         0.03750     0.00000e+00 
        0.52550         0.04375     0.00000e+00 

        0.53122         0.00000     0.00000e+00 
        0.53122         0.00625     0.00000e+00 
        0.53122         0.01250     0.00000e+00 
        0.53122         0.01875     0.00000e+00 
        0.53122         0.02500     0.00000e+00 
        0.53122         0.03125     0.00000e+00 
        0.53122         0.03750     0.00000e+00 
        0.53122         0.04375     0.00000e+00 

        0.53693         0.00000     0.00000e+00 
        0.53693         0.00625     0.00000e+00 
        0.53693         0.01250     0.00000e+00 
        0.53693         0.01875     0.00000e+00 
        0.53693         0.02500     0.00000e+00 
        0.53693         0.03125     0.00000e+00 
        0.53693         0.03750     0.00000e+00 
        0.53693         0.04375     0.00000e+00 

        0.54264         0.00000     0.00000e+00 
        0.54264         0.00625     0.00000e+00 
        0.54264         0.01250     0.00000e+00 
        0.54264         0.01875     0.00000e+00 
        0.54264         0.02500     0.00000e+00 
        0.54264         0.03125     0.00000e+00 
        0.54264         0.03750     0.00000e+00 
        0.54264         0.04375     0.00000e+00 

        0.54835         0.00000     0.00000e+00 
        0.54835         0.00625     0.00000e+00 
        0.54835         0.01250     0.00000e+00 
        0.54835         0.01875     0.00000e+00 
        0.54835         0.02500     0.00000e+00 
        0.54835         0.03125     0.00000e+00 
        0.54835         0.03750     0.00000e+00 
        0.54835         0.04375     0.00000e+00 

        0.55406         0.00000     0.00000e+00 
        0.55406         0.00625     0.00000e+00 
        0.55406         0.01250     0.00000e+00 
        0.55406         0.01875     0.00000e+00 
        0.55406         0.02500     0.00000e+00 
        0.55406         0.03125     0.00000e+00 
        0.55406         0.03750     0.00000e+00 
        0.55406         0.04375     0.00000e+00 

        0.55978         0.00000     0.00000e+00 
        0.55978         0.00625     0.00000e+00 
        0.55978         0.01250     0.00000e+00 
        0.55978         0.01875     0.00000e+00 
        0.55978         0.02500     0.00000e+00 
        0.55978         0.03125     0.00000e+00 
        0.55978         0.03750     0.00000e+00 
        0.55978         0.04375     0.00000e+00 

        0.56549         0.00000     0.00000e+00 
        0.56549         0.00625     0.00000e+00 
        0.56549         0.01250     0.00000e+00 
        0.56549         0.01875     0.00000e+00 
        0.56549         0.02500     0.00000e+00 
        0.56549         0.03125     0.00000e+00 
        0.56549         0.03750     0.00000e+00 
        0.56549         0.04375     0.00000e+00 

        0.57120         0.00000     0.00000e+00 
        0.57120         0.00625     0.00000e+00 
        0.57120         0.01250     0.00000e+00 
        0.57120         0.01875     0.00000e+00 
        0.57120         0.02500     0.00000e+00 
        0.57120         0.03125     0.00000e+00 
        0.57120         0.03750     0.00000e+00 
        0.57120         0.04375     0.00000e+00 

        0.57691         0.00000     0.00000e+00 
        0.57691         0.00625     0.00000e+00 
        0.57691         0.01250     0.00000e+00 
        0.57691         0.01875     0.00000e+00 
        0.57691         0.02500     0.00000e+00 
        0.57691         0.03125     0.00000e+00 
        0.57691         0.03750     0.00000e+00 
        0.57691         0.04375     0.00000e+00 

        0.58262         0.00000     0.00000e+00 
        0.58262         0.00625     0.00000e+00 
        0.58262         0.01250     0.00000e+00 
        0.58262         0.01875     0.00000e+00 
        0.58262         0.02500     0.00000e+00 
        0.58262         0.03125     0.00000e+00 
        0.58262         0.03750     0.00000e+00 
        0.58262         0.04375     0.00000e+00 

        0.58834         0.00000     0.00000e+00 
        0.58834         0.00625     0.00000e+00 
        0.58834         0.01250     0.00000e+00 
        0.58834         0.01875     0.00000e+00 
        0.58834         0.02500     0.00000e+00 
        0.58834         0.03125     0.00000e+00 
        0.58834         0.03750     0.00000e+00 
        0.58834         0.04375     0.00000e+00 

        0.59405         0.00000     0.00000e+00 
        0.59405         0.00625     0.00000e+00 
        0.59405         0.01250     0.00000e+00 
        0.59405         0.01875     0.00000e+00 
        0.59405         0.02500     0.00000e+00 
        0.59405         0.03125     0.00000e+00 
        0.59405         0.03750     0.00000e+00 
        0.59405         0.04375     0.00000e+00 

        0.59976         0.00000     0.00000e+00 
        0.59976         0.00625     0.00000e+00 
        0.59976         0.01250     0.00000e+00 
        0.59976         0.01875     0.00000e+00 
        0.59976         0.02500     0.00000e+00 
        0.59976         0.03125     0.00000e+00 
        0.59976         0.03750     0.00000e+00 
        0.59976         0.04375     0.00000e+00 

        0.60547         0.00000     0.00000e+00 
        0.60547         0.00625     0.00000e+00 
        0.60547         0.01250     0.00000e+00 
        0.60547         0.01875     0.00000e+00 
        0.60547         0.02500     0.00000e+00 
        0.60547         0.03125     0.00000e+00 
        0.60547         0.03750     0.00000e+00 
        0.60547         0.04375     0.00000e+00 

        0.61118         0.00000     0.00000e+00 
        0.61118         0.00625     0.00000e+00 
        0.61118         0.01250     0.00000e+00 
        0.61118         0.01875     0.00000e+00 
        0.61118         0.02500     0.00000e+00 
        0.61118         0.03125     0.00000e+00 
        0.61118         0.03750     0.00000e+00 
        0.61118         0.04375     0.00000e+00 

        0.61690         0.00000     0.00000e+00 
        0.61690         0.00625     0.00000e+00 
        0.61690         0.01250     0.00000e+00 
        0.61690         0.01875     0.00000e+00 
        0.61690         0.02500     0.00000e+00 
        0.61690         0.03125     0.00000e+00 
        0.61690         0.03750     0.00000e+00 
        0.61690         0.04375     0.00000e+00 

        0.62261         0.00000     0.00000e+00 
        0.62261         0.00625     0.00000e+00 
        0.62261         0.01250     0.00000e+00 
        0.62261         0.01875     0.00000e+00 
        0.62261         0.02500     0.00000e+00 
        0.62261         0.03125     0.00000e+00 
        0.62261         0.03750     0.00000e+00 
        0.62261         0.04375     0.00000e+00 

        0.62832         0.00000     0.00000e+00 
        0.62832         0.00625     0.00000e+00 
        0.62832         0.01250     0.00000e+00 
        0.62832         0.01875     0.00000e+00 
        0.62832         0.02500     0.00000e+00 
        0.62832         0.03125     0.00000e+00 
        0.62832         0.03750     0.00000e+00 
        0.62832         0.04375     0.00000e+00 

        0.63403         0.00000     0.00000e+00 
        0.63403         0.00625     0.00000e+00 
        0.63403         0.01250     0.00000e+00 
        0.63403         0.01875     0.00000e+00 
        0.63403         0.02500     0.00000e+00 
        0.63403         0.03125     0.00000e+00 
        0.63403         0.03750     0.00000e+00 
        0.63403         0.04375     0.00000e+00 

        0.63974         0.00000     0.00000e+00 
        0.63974         0.00625     0.00000e+00 
        0.63974         0.01250     0.00000e+00 
        0.63974         0.01875     0.00000e+00 
        0.63974         0.02500     0.00000e+00 
        0.63974         0.03125     0.00000e+00 
        0.63974         0.03750     0.00000e+00 
        0.63974         0.04375     0.00000e+00 

        0.64546         0.00000     0.00000e+00 
        0.64546         0.00625     0.00000e+00 
        0.64546         0.01250     0.00000e+00 
        0.64546         0.01875     0.00000e+00 
        0.64546         0.02500     0.00000e+00 
        0.64546         0.03125     0.00000e+00 
        0.64546         0.03750     0.00000e+00 
        0.64546         0.04375     0.00000e+00 

        0.65117         0.00000     0.00000e+00 
        0.65117         0.00625     0.00000e+00 
        0.65117         0.01250     0.00000e+00 
        0.65117         0.01875     0.00000e+00 
        0.65117         0.02500     0.00000e+00 
        0.65117         0.03125     0.00000e+00 
        0.65117         0.03750     0.00000e+00 
        0.65117         0.04375     0.00000e+00 

        0.65688         0.00000     0.00000e+00 
        0.65688         0.00625     0.00000e+00 
        0.65688         0.01250     0.00000e+00 
        0.65688         0.01875     0.00000e+00 
        0.65688         0.02500     0.00000e+00 
        0.65688         0.03125     0.00000e+00 
        0.65688         0.03750     0.00000e+00 
        0.65688         0.04375     0.00000e+00 

        0.66259         0.00000     0.00000e+00 
        0.66259         0.00625     0.00000e+00 
        0.66259         0.01250     0.00000e+00 
        0.66259         0.01875     0.00000e+00 
        0.66259         0.02500     0.00000e+00 
        0.66259         0.03125     0.00000e+00 
        0.66259         0.03750     0.00000e+00 
        0.66259         0.04375     0.00000e+00 

        0.66830         0.00000     0.00000e+00 
        0.66830         0.00625     0.00000e+00 
        0.66830         0.01250     0.00000e+00 
        0.66830         0.01875     0.00000e+00 
        0.66830         0.02500     0.00000e+00 
        0.66830         0.03125     0.00000e+00 
        0.66830         0.03750     0.00000e+00 
        0.66830         0.04375     0.00000e+00 

        0.67402         0.00000     0.00000e+00 
        0.67402         0.00625     0.00000e+00 
        0.67402         0.01250     0.00000e+00 
        0.67402         0.01875     0.00000e+00 
        0.67402         0.02500     0.00000e+00 
        0.67402         0.03125     0.00000e+00 
        0.67402         0.03750     0.00000e+00 
        0.67402         0.04375     0.00000e+00 

        0.67973         0.00000     0.00000e+00 
        0.67973         0.00625     0.00000e+00 
        0.67973         0.01250     0.00000e+00 
        0.67973         0.01875     0.00000e+00 
        0.67973         0.02500     0.00000e+00 
        0.67973         0.03125     0.00000e+00 
        0.67973         0.03750     0.00000e+00 
        0.67973         0.04375     0.00000e+00 

        0.68544         0.00000     0.00000e+00 
        0.68544         0.00625     0.00000e+00 
        0.68544         0.01250     0.00000e+00 
        0.68544         0.01875     0.00000e+00 
        0.68544         0.02500     0.00000e+00 
        0.68544         0.03125     0.00000e+00 
        0.68544         0.03750     0.00000e+00 
        0.68544         0.04375     0.00000e+00 

        0.69115         0.00000     0.00000e+00 
        0.69115         0.00625     0.00000e+00 
        0.69115         0.01250     0.00000e+00 
        0.69115         0.01875     0.00000e+00 
        0.69115         0.02500     0.00000e+00 
        0.69115         0.03125     0.00000e+00 
        0.69115         0.03750     0.00000e+00 
        0.69115         0.04375     0.00000e+00 

        0.69686         0.00000     0.00000e+00 
        0.69686         0.00625     0.00000e+00 
        0.69686         0.01250     0.00000e+00 
        0.69686         0.01875     0.00000e+00 
        0.69686         0.02500     0.00000e+00 
        0.69686         0.03125     0.00000e+00 
        0.69686         0.03750     0.00000e+00 
        0.69686         0.04375     0.00000e+00 

        0.70258         0.00000     0.00000e+00 
        0.70258         0.00625     0.00000e+00 
        0.70258         0.01250     0.00000e+00 
        0.70258         0.01875     0.00000e+00 
        0.70258         0.02500     0.00000e+00 
        0.70258         0.03125     0.00000e+00 
        0.70258         0.03750     0.00000e+00 
        0.70258         0.04375     0.00000e+00 

        0.70829         0.00000     0.00000e+00 
        0.70829         0.00625     0.00000e+00 
        0.70829         0.01250     0.00000e+00 
        0.70829         0.01875     0.00000e+00 
        0.70829         0.02500     0.00000e+00 
        0.70829         0.03125     0.00000e+00 
        0.70829         0.03750     0.00000e+00 
        0.70829         0.04375     0.00000e+00 

        0.71400         0.00000     0.00000e+00 
        0.71400         0.00625     0.00000e+00 
        0.71400         0.01250     0.00000e+00 
        0.71400         0.01875     0.00000e+00 
        0.71400         0.02500     0.00000e+00 
        0.71400         0.03125     0.00000e+00 
        0.71400         0.03750     0.00000e+00 
        0.71400         0.04375     0.00000e+00 

        0.71971         0.00000     0.00000e+00 
        0.71971         0.00625     0.00000e+00 
        0.71971         0.01250     0.00000e+00 
        0.71971         0.01875     0.00000e+00 
        0.71971         0.02500     0.00000e+00 
        0.71971         0.03125     0.00000e+00 
        0.71971         0.03750     0.00000e+00 
        0.71971         0.04375     0.00000e+00 

        0.72542         0.00000     0.00000e+00 
        0.72542         0.00625     0.00000e+00 
        0.72542         0.01250     0.00000e+00 
        0.72542         0.01875     0.00000e+00 
        0.72542         0.02500     0.00000e+00 
        0.72542         0.03125     0.00000e+00 
        0.72542         0.03750     0.00000e+00 
        0.72542         0.04375     0.00000e+00 

        0.73114         0.00000     0.00000e+00 
        0.73114         0.00625     0.00000e+00 
        0.73114         0.01250     0.00000e+00 
        0.73114         0.01875     0.00000e+00 
        0.73114         0.02500     0.00000e+00 
        0.73114         0.03125     0.00000e+00 
        0.73114         0.03750     0.00000e+00 
        0.73114         0.04375     0.00000e+00 

        0.73685         0.00000     0.00000e+00 
        0.73685         0.00625     0.00000e+00 
        0.73685         0.01250     0.00000e+00 
        0.73685         0.01875     0.00000e+00 
        0.73685         0.02500     0.00000e+00 
        0.73685         0.03125     0.00000e+00 
        0.73685         0.03750     0.00000e+00 
        0.73685         0.04375     0.00000e+00 

        0.74256         0.00000     0.00000e+00 
        0.74256         0.00625     0.00000e+00 
        0.74256         0.01250     0.00000e+00 
        0.74256         0.01875     0.00000e+00 
        0.74256         0.02500     0.00000e+00 
        0.74256         0.03125     0.00000e+00 
        0.74256         0.03750     0.00000e+00 
        0.74256         0.04375     0.00000e+00 

        0.74827         0.00000     0.00000e+00 
        0.74827         0.00625     0.00000e+00 
        0.74827         0.01250     0.00000e+00 
        0.74827         0.01875     0.00000e+00 
        0.74827         0.02500     0.00000e+00 
        0.74827         0.03125     0.00000e+00 
        0.74827         0.03750     0.00000e+00 
        0.74827         0.04375     0.00000e+00 

        0.75398         0.00000     0.00000e+00 
        0.75398         0.00625     0.00000e+00 
        0.75398         0.01250     0.00000e+00 
        0.75398         0.01875     0.00000e+00 
        0.75398         0.02500     0.00000e+00 
        0.75398         0.03125     0.00000e+00 
        0.75398         0.03750     0.00000e+00 
        0.75398         0.04375     0.00000e+00 

        0.75970         0.00000     0.00000e+00 
        0.75970         0.00625     0.00000e+00 
        0.75970         0.01250     0.00000e+00 
        0.75970         0.01875     0.00000e+00 
        0.75970         0.02500     0.00000e+00 
        0.75970         0.03125     0.00000e+00 
        0.75970         0.03750     0.00000e+00 
        0.75970         0.04375     0.00000e+00 

        0.76541         0.00000     0.00000e+00 
        0.76541         0.00625     0.00000e+00 
        0.76541         0.01250     0.00000e+00 
        0.76541         0.01875     0.00000e+00 
        0.76541         0.02500     0.00000e+00 
        0.76541         0.03125     0.00000e+00 
        0.76541         0.03750     0.00000e+00 
        0.76541         0.04375     0.00000e+00 

        0.77112         0.00000     0.00000e+00 
        0.77112         0.00625     0.00000e+00 
        0.77112         0.01250     0.00000e+00 
        0.77112         0.01875     0.00000e+00 
        0.77112         0.02500     0.00000e+00 
        0.77112         0.03125     0.00000e+00 
        0.77112         0.03750     0.00000e+00 
        0.77112         0.04375     0.00000e+00 

        0.77683         0.00000     0.00000e+00 
        0.77683         0.00625     0.00000e+00 
        0.77683         0.01250     0.00000e+00 
        0.77683         0.01875     0.00000e+00 
        0.77683         0.02500     0.00000e+00 
        0.77683         0.03125     0.00000e+00 
        0.77683         0.03750     0.00000e+00 
        0.77683         0.04375     0.00000e+00 

        0.78254         0.00000     0.00000e+00 
        0.78254         0.00625     0.00000e+00 
        0.78254         0.01250     0.00000e+00 
        0.78254         0.01875     0.00000e+00 
        0.78254         0.02500     0.00000e+00 
        0.78254         0.03125     0.00000e+00 
        0.78254         0.03750     0.00000e+00 
        0.78254         0.04375     0.00000e+00 

        0.78826         0.00000     0.00000e+00 
        0.78826         0.00625     0.00000e+00 
        0.78826         0.01250     0.00000e+00 
        0.78826         0.01875     0.00000e+00 
        0.78826         0.02500     0.00000e+00 
        0.78826         0.03125     0.00000e+00 
        0.78826         0.03750     0.00000e+00 
        0.78826         0.04375     0.00000e+00 

        0.79397         0.00000     0.00000e+00 
        0.79397         0.00625     0.00000e+00 
        0.79397         0.01250     0.00000e+00 
        0.79397         0.01875     0.00000e+00 
        0.79397         0.02500     0.00000e+00 
        0.79397         0.03125     0.00000e+00 
        0.79397         0.03750     0.00000e+00 
        0.79397         0.04375     0.00000e+00 

        0.79968         0.00000     0.00000e+00 
        0.79968         0.00625     0.00000e+00 
        0.79968         0.01250     0.00000e+00 
        0.79968         0.01875     0.00000e+00 
        0.79968         0.02500     0.00000e+00 
        0.79968         0.03125     0.00000e+00 
        0.79968         0.03750     0.00000e+00 
        0.79968         0.04375     0.00000e+00 

        0.80539         0.00000     0.00000e+00 
        0.80539         0.00625     0.00000e+00 
        0.80539         0.01250     0.00000e+00 
        0.80539         0.01875     0.00000e+00 
        0.80539         0.02500     0.00000e+00 
        0.80539         0.03125     0.00000e+00 
        0.80539         0.03750     0.00000e+00 
        0.80539         0.04375     0.00000e+00 

        0.81110         0.00000     0.00000e+00 
        0.81110         0.00625     0.00000e+00 
        0.81110         0.01250     0.00000e+00 
        0.81110         0.01875     0.00000e+00 
        0.81110         0.02500     0.00000e+00 
        0.81110         0.03125     0.00000e+00 
        0.81110         0.03750     0.00000e+00 
        0.81110         0.04375     0.00000e+00 

        0.81682         0.00000     0.00000e+00 
        0.81682         0.00625     0.00000e+00 
        0.81682         0.01250     0.00000e+00 
        0.81682         0.01875     0.00000e+00 
        0.81682         0.02500     0.00000e+00 
        0.81682         0.03125     0.00000e+00 
        0.81682         0.03750     0.00000e+00 
        0.81682         0.04375     0.00000e+00 

        0.82253         0.00000     0.00000e+00 
        0.82253         0.00625     0.00000e+00 
        0.82253         0.01250     0.00000e+00 
        0.82253         0.01875     0.00000e+00 
        0.82253         0.02500     0.00000e+00 
        0.82253         0.03125     0.00000e+00 
        0.82253         0.03750     0.00000e+00 
        0.82253         0.04375     0.00000e+00 

        0.82824         0.00000     0.00000e+00 
        0.82824         0.00625     0.00000e+00 
        0.82824         0.01250     0.00000e+00 
        0.82824         0.01875     0.00000e+00 
        0.82824         0.02500     0.00000e+00 
        0.82824         0.03125     0.00000e+00 
        0.82824         0.03750     0.00000e+00 
        0.82824         0.04375     0.00000e+00 

        0.83395         0.00000     0.00000e+00 
        0.83395         0.00625     0.00000e+00 
        0.83395         0.01250     0.00000e+00 
        0.83395         0.01875     0.00000e+00 
        0.83395         0.02500     0.00000e+00 
        0.83395         0.03125     0.00000e+00 
        0.83395         0.03750     0.00000e+00 
        0.83395         0.04375     0.00000e+00 

        0.83966         0.00000     0.00000e+00 
        0.83966         0.00625     0.00000e+00 
        0.83966         0.01250     0.00000e+00 
        0.83966         0.01875     0.00000e+00 
        0.83966         0.02500     0.00000e+00 
        0.83966         0.03125     0.00000e+00 
        0.83966         0.03750     0.00000e+00 
        0.83966         0.04375     0.00000e+00 

        0.84538         0.00000     0.00000e+00 
        0.84538         0.00625     0.00000e+00 
        0.84538         0.01250     0.00000e+00 
        0.84538         0.01875     0.00000e+00 
        0.84538         0.02500     0.00000e+00 
        0.84538         0.03125     0.00000e+00 
        0.84538         0.03750     0.00000e+00 
        0.84538         0.04375     0.00000e+00 

        0.85109         0.00000     0.00000e+00 
        0.85109         0.00625     0.00000e+00 
        0.85109         0.01250     0.00000e+00 
        0.85109         0.01875     0.00000e+00 
        0.85109         0.02500     0.00000e+00 
        0.85109         0.03125     0.00000e+00 
        0.85109         0.03750     0.00000e+00 
        0.85109         0.04375     0.00000e+00 

        0.85680         0.00000     0.00000e+00 
        0.85680         0.00625     0.00000e+00 
        0.85680         0.01250     0.00000e+00 
        0.85680         0.01875     0.00000e+00 
        0.85680         0.02500     0.00000e+00 
        0.85680         0.03125     0.00000e+00 
        0.85680         0.03750     0.00000e+00 
        0.85680         0.04375     0.00000e+00 

        0.86251         0.00000     0.00000e+00 
        0.86251         0.00625     0.00000e+00 
        0.86251         0.01250     0.00000e+00 
        0.86251         0.01875     0.00000e+00 
        0.86251         0.02500     0.00000e+00 
        0.86251         0.03125     0.00000e+00 
        0.86251         0.03750     0.00000e+00 
        0.86251         0.04375     0.00000e+00 

        0.86822         0.00000     0.00000e+00 
        0.86822         0.00625     0.00000e+00 
        0.86822         0.01250     0.00000e+00 
        0.86822         0.01875     0.00000e+00 
        0.86822         0.02500     0.00000e+00 
        0.86822         0.03125     0.00000e+00 
        0.86822         0.03750     0.00000e+00 
        0.86822         0.04375     0.00000e+00 

        0.87394         0.00000     0.00000e+00 
        0.87394         0.00625     0.00000e+00 
        0.87394         0.01250     0.00000e+00 
        0.87394         0.01875     0.00000e+00 
        0.87394         0.02500     0.00000e+00 
        0.87394         0.03125     0.00000e+00 
        0.87394         0.03750     0.00000e+00 
        0.87394         0.04375     0.00000e+00 

        0.87965         0.00000     0.00000e+00 
        0.87965         0.00625     0.00000e+00 
        0.87965         0.01250     0.00000e+00 
        0.87965         0.01875     0.00000e+00 
        0.87965         0.02500     0.00000e+00 
        0.87965         0.03125     0.00000e+00 
        0.87965         0.03750     0.00000e+00 
        0.87965         0.04375     0.00000e+00 

        0.88536         0.00000     0.00000e+00 
        0.88536         0.00625     0.00000e+00 
        0.88536         0.01250     0.00000e+00 
        0.88536         0.01875     0.00000e+00 
        0.88536         0.02500     0.00000e+00 
        0.88536         0.03125     0.00000e+00 
        0.88536         0.03750     0.00000e+00 
        0.88536         0.04375     0.00000e+00 

        0.89107         0.00000     0.00000e+00 
        0.89107         0.00625     0.00000e+00 
        0.89107         0.01250     0.00000e+00 
        0.89107         0.01875     0.00000e+00 
        0.89107         0.02500     0.00000e+00 
        0.89107         0.03125     0.00000e+00 
        0.89107         0.03750     0.00000e+00 
        0.89107         0.04375     0.00000e+00 

        0.89678         0.00000     0.00000e+00 
        0.89678         0.00625     0.00000e+00 
        0.89678         0.01250     0.00000e+00 
        0.89678         0.01875     0.00000e+00 
        0.89678         0.02500     0.00000e+00 
        0.89678         0.03125     0.00000e+00 
        0.89678         0.03750     0.00000e+00 
        0.89678         0.04375     0.00000e+00 

        0.90250         0.00000     0.00000e+00 
        0.90250         0.00625     0.00000e+00 
        0.90250         0.01250     0.00000e+00 
        0.90250         0.01875     0.00000e+00 
        0.90250         0.02500     0.00000e+00 
        0.90250         0.03125     0.00000e+00 
        0.90250         0.03750     0.00000e+00 
        0.90250         0.04375     0.00000e+00 

        0.90821         0.00000     0.00000e+00 
        0.90821         0.00625     0.00000e+00 
        0.90821         0.01250     0.00000e+00 
        0.90821         0.01875     0.00000e+00 
        0.90821         0.02500     0.00000e+00 
        0.90821         0.03125     0.00000e+00 
        0.90821         0.03750     0.00000e+00 
        0.90821         0.04375     0.00000e+00 

        0.91392         0.00000     0.00000e+00 
        0.91392         0.00625     0.00000e+00 
        0.91392         0.01250     0.00000e+00 
        0.91392         0.01875     0.00000e+00 
        0.91392         0.02500     0.00000e+00 
        0.91392         0.03125     0.00000e+00 
        0.91392         0.03750     0.00000e+00 
        0.91392         0.04375     0.00000e+00 

        0.91963         0.00000     0.00000e+00 
        0.91963         0.00625     0.00000e+00 
        0.91963         0.01250     0.00000e+00 
        0.91963         0.01875     0.00000e+00 
        0.91963         0.02500     0.00000e+00 
        0.91963         0.03125     0.00000e+00 
        0.91963         0.03750     0.00000e+00 
        0.91963         0.04375     0.00000e+00 

        0.92534         0.00000     0.00000e+00 
        0.92534         0.00625     0.00000e+00 
        0.92534         0.01250     0.00000e+00 
        0.92534         0.01875     0.00000e+00 
        0.92534         0.02500     0.00000e+00 
        0.92534         0.03125     0.00000e+00 
        0.92534         0.03750     0.00000e+00 
        0.92534         0.04375     0.00000e+00 

        0.93106         0.00000     0.00000e+00 
        0.93106         0.00625     0.00000e+00 
        0.93106         0.01250     0.00000e+00 
        0.93106         0.01875     0.00000e+00 
        0.93106         0.02500     0.00000e+00 
        0.93106         0.03125     0.00000e+00 
        0.93106         0.03750     0.00000e+00 
        0.93106         0.04375     0.00000e+00 

        0.93677         0.00000     0.00000e+00 
        0.93677         0.00625     0.00000e+00 
        0.93677         0.01250     0.00000e+00 
        0.93677         0.01875     0.00000e+00 
        0.93677         0.02500     0.00000e+00 
        0.93677         0.03125     0.00000e+00 
        0.93677         0.03750     0.00000e+00 
        0.93677         0.04375     0.00000e+00 

        0.94248         0.00000     0.00000e+00 
        0.94248         0.00625     0.00000e+00 
        0.94248         0.01250     0.00000e+00 
        0.94248         0.01875     0.00000e+00 
        0.94248         0.02500     0.00000e+00 
        0.94248         0.03125     0.00000e+00 
        0.94248         0.03750     0.00000e+00 
        0.94248         0.04375     0.00000e+00 

        0.94819         0.00000     0.00000e+00 
        0.94819         0.00625     0.00000e+00 
        0.94819         0.01250     0.00000e+00 
        0.94819         0.01875     0.00000e+00 
        0.94819         0.02500     0.00000e+00 
        0.94819         0.03125     0.00000e+00 
        0.94819         0.03750     0.00000e+00 
        0.94819         0.04375     0.00000e+00 

        0.95390         0.00000     0.00000e+00 
        0.95390         0.00625     0.00000e+00 
        0.95390         0.01250     0.00000e+00 
        0.95390         0.01875     0.00000e+00 
        0.95390         0.02500     0.00000e+00 
        0.95390         0.03125     0.00000e+00 
        0.95390         0.03750     0.00000e+00 
        0.95390         0.04375     0.00000e+00 

        0.95962         0.00000     0.00000e+00 
        0.95962         0.00625     0.00000e+00 
        0.95962         0.01250     0.00000e+00 
        0.95962         0.01875     0.00000e+00 
        0.95962         0.02500     0.00000e+00 
        0.95962         0.03125     0.00000e+00 
        0.95962         0.03750     0.00000e+00 
        0.95962         0.04375     0.00000e+00 

        0.96533         0.00000     0.00000e+00 
        0.96533         0.00625     0.00000e+00 
        0.96533         0.01250     0.00000e+00 
        0.96533         0.01875     0.00000e+00 
        0.96533         0.02500     0.00000e+00 
        0.96533         0.03125     0.00000e+00 
        0.96533         0.03750     0.00000e+00 
        0.96533         0.04375     0.00000e+00 

        0.97104         0.00000     0.00000e+00 
        0.97104         0.00625     0.00000e+00 
        0.97104         0.01250     0.00000e+00 
        0.97104         0.01875     0.00000e+00 
        0.97104         0.02500     0.00000e+00 
        0.97104         0.03125     0.00000e+00 
        0.97104         0.03750     0.00000e+00 
        0.97104         0.04375     0.00000e+00 

        0.97675         0.00000     0.00000e+00 
        0.97675         0.00625     0.00000e+00 
        0.97675         0.01250     0.00000e+00 
        0.97675         0.01875     0.00000e+00 
        0.97675         0.02500     0.00000e+00 
        0.97675         0.03125     0.00000e+00 
        0.97675         0.03750     0.00000e+00 
        0.97675         0.04375     0.00000e+00 

        0.98246         0.00000     0.00000e+00 
        0.98246         0.00625     0.00000e+00 
        0.98246         0.01250     0.00000e+00 
        0.98246         0.01875     0.00000e+00 
        0.98246         0.02500     0.00000e+00 
        0.98246         0.03125     0.00000e+00 
        0.98246         0.03750     0.00000e+00 
        0.98246         0.04375     0.00000e+00 

        0.98818         0.00000     0.00000e+00 
        0.98818         0.00625     0.00000e+00 
        0.98818         0.01250     0.00000e+00 
        0.98818         0.01875     0.00000e+00 
        0.98818         0.02500     0.00000e+00 
        0.98818         0.03125     0.00000e+00 
        0.98818         0.03750     0.00000e+00 
        0.98818         0.04375     0.00000e+00 

        0.99389         0.00000     0.00000e+00 
        0.99389         0.00625     0.00000e+00 
        0.99389         0.01250     0.00000e+00 
        0.99389         0.01875     0.00000e+00 
        0.99389         0.02500     0.00000e+00 
        0.99389         0.03125     0.00000e+00 
        0.99389         0.03750     0.00000e+00 
        0.99389         0.04375     0.00000e+00 

        0.99960         0.00000     0.00000e+00 
        0.99960         0.00625     0.00000e+00 
        0.99960         0.01250     0.00000e+00 
        0.99960         0.01875     0.00000e+00 
        0.99960         0.02500     0.00000e+00 
        0.99960         0.03125     0.00000e+00 
        0.99960         0.03750     0.00000e+00 
        0.99960         0.04375     0.00000e+00 

        1.00531         0.00000     0.00000e+00 
        1.00531         0.00625     0.00000e+00 
        1.00531         0.01250     0.00000e+00 
        1.00531         0.01875     0.00000e+00 
        1.00531         0.02500     0.00000e+00 
        1.00531         0.03125     0.00000e+00 
        1.00531         0.03750     0.00000e+00 
        1.00531         0.04375     0.00000e+00 

        1.01102         0.00000     0.00000e+00 
        1.01102         0.00625     0.00000e+00 
        1.01102         0.01250     0.00000e+00 
        1.01102         0.01875     0.00000e+00 
        1.01102         0.02500     0.00000e+00 
        1.01102         0.03125     0.00000e+00 
        1.01102         0.03750     0.00000e+00 
        1.01102         0.04375     0.00000e+00 

        1.01674         0.00000     0.00000e+00 
        1.01674         0.00625     0.00000e+00 
        1.01674         0.01250     0.00000e+00 
        1.01674         0.01875     0.00000e+00 
        1.01674         0.02500     0.00000e+00 
        1.01674         0.03125     0.00000e+00 
        1.01674         0.03750     0.00000e+00 
        1.01674         0.04375     0.00000e+00 

        1.02245         0.00000     0.00000e+00 
        1.02245         0.00625     0.00000e+00 
        1.02245         0.01250     0.00000e+00 
        1.02245         0.01875     0.00000e+00 
        1.02245         0.02500     0.00000e+00 
        1.02245         0.03125     0.00000e+00 
        1.02245         0.03750     0.00000e+00 
        1.02245         0.04375     0.00000e+00 

        1.02816         0.00000     0.00000e+00 
        1.02816         0.00625     0.00000e+00 
        1.02816         0.01250     0.00000e+00 
        1.02816         0.01875     0.00000e+00 
        1.02816         0.02500     0.00000e+00 
        1.02816         0.03125     0.00000e+00 
        1.02816         0.03750     0.00000e+00 
        1.02816         0.04375     0.00000e+00 

        1.03387         0.00000     0.00000e+00 
        1.03387         0.00625     0.00000e+00 
        1.03387         0.01250     0.00000e+00 
        1.03387         0.01875     0.00000e+00 
        1.03387         0.02500     0.00000e+00 
        1.03387         0.03125     0.00000e+00 
        1.03387         0.03750     0.00000e+00 
        1.03387         0.04375     0.00000e+00 

        1.03958         0.00000     0.00000e+00 
        1.03958         0.00625     0.00000e+00 
        1.03958         0.01250     0.00000e+00 
        1.03958         0.01875     0.00000e+00 
        1.03958         0.02500     0.00000e+00 
        1.03958         0.03125     0.00000e+00 
        1.03958         0.03750     0.00000e+00 
        1.03958         0.04375     0.00000e+00 

        1.04530         0.00000     0.00000e+00 
        1.04530         0.00625     0.00000e+00 
        1.04530         0.01250     0.00000e+00 
        1.04530         0.01875     0.00000e+00 
        1.04530         0.02500     0.00000e+00 
        1.04530         0.03125     0.00000e+00 
        1.04530         0.03750     0.00000e+00 
        1.04530         0.04375     0.00000e+00 

        1.05101         0.00000     0.00000e+00 
        1.05101         0.00625     0.00000e+00 
        1.05101         0.01250     0.00000e+00 
        1.05101         0.01875     0.00000e+00 
        1.05101         0.02500     0.00000e+00 
        1.05101         0.03125     0.00000e+00 
        1.05101         0.03750     0.00000e+00 
        1.05101         0.04375     0.00000e+00 

        1.05672         0.00000     0.00000e+00 
        1.05672         0.00625     0.00000e+00 
        1.05672         0.01250     0.00000e+00 
        1.05672         0.01875     0.00000e+00 
        1.05672         0.02500     0.00000e+00 
        1.05672         0.03125     0.00000e+00 
        1.05672         0.03750     0.00000e+00 
        1.05672         0.04375     0.00000e+00 

        1.06243         0.00000     0.00000e+00 
        1.06243         0.00625     0.00000e+00 
        1.06243         0.01250     0.00000e+00 
        1.06243         0.01875     0.00000e+00 
        1.06243         0.02500     0.00000e+00 
        1.06243         0.03125     0.00000e+00 
        1.06243         0.03750     0.00000e+00 
        1.06243         0.04375     0.00000e+00 

        1.06814         0.00000     0.00000e+00 
        1.06814         0.00625     0.00000e+00 
        1.06814         0.01250     0.00000e+00 
        1.06814         0.01875     0.00000e+00 
        1.06814         0.02500     0.00000e+00 
        1.06814         0.03125     0.00000e+00 
        1.06814         0.03750     0.00000e+00 
        1.06814         0.04375     0.00000e+00 

        1.07386         0.00000     0.00000e+00 
        1.07386         0.00625     0.00000e+00 
        1.07386         0.01250     0.00000e+00 
        1.07386         0.01875     0.00000e+00 
        1.07386         0.02500     0.00000e+00 
        1.07386         0.03125     0.00000e+00 
        1.07386         0.03750     0.00000e+00 
        1.07386         0.04375     0.00000e+00 

        1.07957         0.00000     0.00000e+00 
        1.07957         0.00625     0.00000e+00 
        1.07957         0.01250     0.00000e+00 
        1.07957         0.01875     0.00000e+00 
        1.07957         0.02500     0.00000e+00 
        1.07957         0.03125     0.00000e+00 
        1.07957         0.03750     0.00000e+00 
        1.07957         0.04375     0.00000e+00 

        1.08528         0.00000     0.00000e+00 
        1.08528         0.00625     0.00000e+00 
        1.08528         0.01250     0.00000e+00 
        1.08528         0.01875     0.00000e+00 
        1.08528         0.02500     0.00000e+00 
        1.08528         0.03125     0.00000e+00 
        1.08528         0.03750     0.00000e+00 
        1.08528         0.04375     0.00000e+00 

        1.09099         0.00000     0.00000e+00 
        1.09099         0.00625     0.00000e+00 
        1.09099         0.01250     0.00000e+00 
        1.09099         0.01875     0.00000e+00 
        1.09099         0.02500     0.00000e+00 
        1.09099         0.03125     0.00000e+00 
        1.09099         0.03750     0.00000e+00 
        1.09099         0.04375     0.00000e+00 

        1.09670         0.00000     0.00000e+00 
        1.09670         0.00625     0.00000e+00 
        1.09670         0.01250     0.00000e+00 
        1.09670         0.01875     0.00000e+00 
        1.09670         0.02500     0.00000e+00 
        1.09670         0.03125     0.00000e+00 
        1.09670         0.03750     0.00000e+00 
        1.09670         0.04375     0.00000e+00 

        1.10242         0.00000     0.00000e+00 
        1.10242         0.00625     0.00000e+00 
        1.10242         0.01250     0.00000e+00 
        1.10242         0.01875     0.00000e+00 
        1.10242         0.02500     0.00000e+00 
        1.10242         0.03125     0.00000e+00 
        1.10242         0.03750     0.00000e+00 
        1.10242         0.04375     0.00000e+00 

        1.10813         0.00000     0.00000e+00 
        1.10813         0.00625     0.00000e+00 
        1.10813         0.01250     0.00000e+00 
        1.10813         0.01875     0.00000e+00 
        1.10813         0.02500     0.00000e+00 
        1.10813         0.03125     0.00000e+00 
        1.10813         0.03750     0.00000e+00 
        1.10813         0.04375     0.00000e+00 

        1.11384         0.00000     0.00000e+00 
        1.11384         0.00625     0.00000e+00 
        1.11384         0.01250     0.00000e+00 
        1.11384         0.01875     0.00000e+00 
        1.11384         0.02500     0.00000e+00 
        1.11384         0.03125     0.00000e+00 
        1.11384         0.03750     0.00000e+00 
        1.11384         0.04375     0.00000e+00 

        1.11955         0.00000     0.00000e+00 
        1.11955         0.00625     0.00000e+00 
        1.11955         0.01250     0.00000e+00 
        1.11955         0.01875     0.00000e+00 
        1.11955         0.02500     0.00000e+00 
        1.11955         0.03125     0.00000e+00 
        1.11955         0.03750     0.00000e+00 
        1.11955         0.04375     0.00000e+00 

        1.12526         0.00000     0.00000e+00 
        1.12526         0.00625     0.00000e+00 
        1.12526         0.01250     0.00000e+00 
        1.12526         0.01875     0.00000e+00 
        1.12526         0.02500     0.00000e+00 
        1.12526         0.03125     0.00000e+00 
        1.12526         0.03750     0.00000e+00 
        1.12526         0.04375     0.00000e+00 

        1.13098         0.00000     0.00000e+00 
        1.13098         0.00625     0.00000e+00 
        1.13098         0.01250     0.00000e+00 
        1.13098         0.01875     0.00000e+00 
        1.13098         0.02500     0.00000e+00 
        1.13098         0.03125     0.00000e+00 
        1.13098         0.03750     0.00000e+00 
        1.13098         0.04375     0.00000e+00 

        1.13669         0.00000     0.00000e+00 
        1.13669         0.00625     0.00000e+00 
        1.13669         0.01250     0.00000e+00 
        1.13669         0.01875     0.00000e+00 
        1.13669         0.02500     0.00000e+00 
        1.13669         0.03125     0.00000e+00 
        1.13669         0.03750     0.00000e+00 
        1.13669         0.04375     0.00000e+00 

